chapter,md_file,slide_id,slide_title,need_image,candidate_rank,download_status,local_path,relative_path,file_name,file_ext,file_size_bytes,width_px,height_px,sha256,source_page_url,direct_image_url,source_title,source_author,source_license,attribution_text,search_query_used,image_role,image_type,caption_zh,layout_hint,duplicate_of,quality_notes
ch03,第3章_贝叶斯定理与概率思维_100页_Marp.md,1,第3章 贝叶斯定理与概率思维,yes,1,reused_duplicate,E:\machine_learning\markdown\AI-BigData-Course-Add-Figs-0\assets\downloaded\ch02\text1_loose\ch02_s088_r1_bayes-theorem-diagram-probability-prior-post.jpg,assets/downloaded/ch02/text1_loose/ch02_s088_r1_bayes-theorem-diagram-probability-prior-post.jpg,ch02_s088_r1_bayes-theorem-diagram-probability-prior-post.jpg,.jpg,66772,,,7ba7cec7cae1d336297988bf6430058ca8db2a88f8f99a8e7607c9120ecdd0aa,https://www.bing.com/images/search?q=Bayes+theorem+diagram+probability+prior+posterior+likelihood+Bayes+theorem+probability+inference+diagram+%E7%AC%AC3%E7%AB%A0+%E8%B4%9D%E5%8F%B6%E6%96%AF%E5%AE%9A%E7%90%86%E4%B8%8E%E6%A6%82%E7%8E%87%E6%80%9D%E7%BB%B4,https://tse1.mm.bing.net/th?q=Bayes+theorem+diagram+probability+prior+posterior+likelihood+Bayes+theorem+probability+inference+diagram+%E7%AC%AC3%E7%AB%A0+%E8%B4%9D%E5%8F%B6%E6%96%AF%E5%AE%9A%E7%90%86%E4%B8%8E%E6%A6%82%E7%8E%87%E6%80%9D%E7%BB%B4&w=1600&h=900&c=7&rs=1&p=0,Bayes theorem diagram probability prior posterior likelihood Bayes theorem probability inference diagram 第3章 贝叶斯定理与概率思维,unknown,unknown; copyright risk not checked,来源不明或版权未核验，需人工复核后再用于正式课件。,Bayes theorem diagram probability prior posterior likelihood Bayes theorem probability inference diagram,算法流程,algorithm_diagram,第3章 贝叶斯定理与概率思维的教学示意图,底部横向流程图,assets/downloaded/ch02/text1_loose/ch02_s088_r1_bayes-theorem-diagram-probability-prior-post.jpg,loose mode; duplicate by SHA256; source and copyright not verified
ch03,第3章_贝叶斯定理与概率思维_100页_Marp.md,4,为什么材料科学需要概率思维？,yes,1,downloaded,E:\machine_learning\markdown\AI-BigData-Course-Add-Figs-0\assets\downloaded\ch03\text1_loose\ch03_s004_r1_materials-microstructure-recognition-microsc.jpg,assets/downloaded/ch03/text1_loose/ch03_s004_r1_materials-microstructure-recognition-microsc.jpg,ch03_s004_r1_materials-microstructure-recognition-microsc.jpg,.jpg,64431,1600,900,1d9830b0a60c8aa5c09e0807fdde079f90440b91b05dc05f5f2aca8bc26adab3,https://www.bing.com/images/search?q=materials+microstructure+recognition+microscopy+image+Bayes+theorem+probability+inference+diagram+%E4%B8%BA%E4%BB%80%E4%B9%88%E6%9D%90%E6%96%99%E7%A7%91%E5%AD%A6%E9%9C%80%E8%A6%81%E6%A6%82%E7%8E%87%E6%80%9D%E7%BB%B4%EF%BC%9F,https://tse1.mm.bing.net/th?q=materials+microstructure+recognition+microscopy+image+Bayes+theorem+probability+inference+diagram+%E4%B8%BA%E4%BB%80%E4%B9%88%E6%9D%90%E6%96%99%E7%A7%91%E5%AD%A6%E9%9C%80%E8%A6%81%E6%A6%82%E7%8E%87%E6%80%9D%E7%BB%B4%EF%BC%9F&w=1600&h=900&c=7&rs=1&p=0,materials microstructure recognition microscopy image Bayes theorem probability inference diagram 为什么材料科学需要概率思维？,unknown,unknown; copyright risk not checked,来源不明或版权未核验，需人工复核后再用于正式课件。,materials microstructure recognition microscopy image Bayes theorem probability inference diagram,材料组织,microscopy,为什么材料科学需要概率思维？的教学示意图,右侧 40% 宽度,,loose mode; source and copyright not verified; opened successfully
ch03,第3章_贝叶斯定理与概率思维_100页_Marp.md,5,本章知识地图,yes,1,reused_duplicate,E:\machine_learning\markdown\AI-BigData-Course-Add-Figs-0\assets\downloaded\ch01\text1_loose\ch01_s015_r1_bayes-theorem-diagram-probability-prior-post.jpg,assets/downloaded/ch01/text1_loose/ch01_s015_r1_bayes-theorem-diagram-probability-prior-post.jpg,ch01_s015_r1_bayes-theorem-diagram-probability-prior-post.jpg,.jpg,69767,,,059585fe1782810380923e3127f3828ed477ea1db44329dbfde401c6ea3843d7,https://www.bing.com/images/search?q=Bayes+theorem+diagram+probability+prior+posterior+likelihood+Bayes+theorem+probability+inference+diagram+%E6%9C%AC%E7%AB%A0%E7%9F%A5%E8%AF%86%E5%9C%B0%E5%9B%BE,https://tse1.mm.bing.net/th?q=Bayes+theorem+diagram+probability+prior+posterior+likelihood+Bayes+theorem+probability+inference+diagram+%E6%9C%AC%E7%AB%A0%E7%9F%A5%E8%AF%86%E5%9C%B0%E5%9B%BE&w=1600&h=900&c=7&rs=1&p=0,Bayes theorem diagram probability prior posterior likelihood Bayes theorem probability inference diagram 本章知识地图,unknown,unknown; copyright risk not checked,来源不明或版权未核验，需人工复核后再用于正式课件。,Bayes theorem diagram probability prior posterior likelihood Bayes theorem probability inference diagram,算法流程,algorithm_diagram,本章知识地图的教学示意图,底部横向流程图,assets/downloaded/ch01/text1_loose/ch01_s015_r1_bayes-theorem-diagram-probability-prior-post.jpg,loose mode; duplicate by SHA256; source and copyright not verified
ch03,第3章_贝叶斯定理与概率思维_100页_Marp.md,6,先给出一个直观例子,yes,1,reused_duplicate,E:\machine_learning\markdown\AI-BigData-Course-Add-Figs-0\assets\downloaded\ch01\text1_loose\ch01_s015_r1_bayes-theorem-diagram-probability-prior-post.jpg,assets/downloaded/ch01/text1_loose/ch01_s015_r1_bayes-theorem-diagram-probability-prior-post.jpg,ch01_s015_r1_bayes-theorem-diagram-probability-prior-post.jpg,.jpg,69767,,,059585fe1782810380923e3127f3828ed477ea1db44329dbfde401c6ea3843d7,https://www.bing.com/images/search?q=Bayes+theorem+diagram+probability+prior+posterior+likelihood+Bayes+theorem+probability+inference+diagram+%E5%85%88%E7%BB%99%E5%87%BA%E4%B8%80%E4%B8%AA%E7%9B%B4%E8%A7%82%E4%BE%8B%E5%AD%90,https://tse1.mm.bing.net/th?q=Bayes+theorem+diagram+probability+prior+posterior+likelihood+Bayes+theorem+probability+inference+diagram+%E5%85%88%E7%BB%99%E5%87%BA%E4%B8%80%E4%B8%AA%E7%9B%B4%E8%A7%82%E4%BE%8B%E5%AD%90&w=1600&h=900&c=7&rs=1&p=0,Bayes theorem diagram probability prior posterior likelihood Bayes theorem probability inference diagram 先给出一个直观例子,unknown,unknown; copyright risk not checked,来源不明或版权未核验，需人工复核后再用于正式课件。,Bayes theorem diagram probability prior posterior likelihood Bayes theorem probability inference diagram,算法流程,algorithm_diagram,先给出一个直观例子的教学示意图,底部横向流程图,assets/downloaded/ch01/text1_loose/ch01_s015_r1_bayes-theorem-diagram-probability-prior-post.jpg,loose mode; duplicate by SHA256; source and copyright not verified
ch03,第3章_贝叶斯定理与概率思维_100页_Marp.md,7,本章的基本符号,yes,1,reused_duplicate,E:\machine_learning\markdown\AI-BigData-Course-Add-Figs-0\assets\downloaded\ch01\text1_loose\ch01_s015_r1_bayes-theorem-diagram-probability-prior-post.jpg,assets/downloaded/ch01/text1_loose/ch01_s015_r1_bayes-theorem-diagram-probability-prior-post.jpg,ch01_s015_r1_bayes-theorem-diagram-probability-prior-post.jpg,.jpg,69767,,,059585fe1782810380923e3127f3828ed477ea1db44329dbfde401c6ea3843d7,https://www.bing.com/images/search?q=Bayes+theorem+diagram+probability+prior+posterior+likelihood+Bayes+theorem+probability+inference+diagram+%E6%9C%AC%E7%AB%A0%E7%9A%84%E5%9F%BA%E6%9C%AC%E7%AC%A6%E5%8F%B7,https://tse1.mm.bing.net/th?q=Bayes+theorem+diagram+probability+prior+posterior+likelihood+Bayes+theorem+probability+inference+diagram+%E6%9C%AC%E7%AB%A0%E7%9A%84%E5%9F%BA%E6%9C%AC%E7%AC%A6%E5%8F%B7&w=1600&h=900&c=7&rs=1&p=0,Bayes theorem diagram probability prior posterior likelihood Bayes theorem probability inference diagram 本章的基本符号,unknown,unknown; copyright risk not checked,来源不明或版权未核验，需人工复核后再用于正式课件。,Bayes theorem diagram probability prior posterior likelihood Bayes theorem probability inference diagram,算法流程,algorithm_diagram,本章的基本符号的教学示意图,底部横向流程图,assets/downloaded/ch01/text1_loose/ch01_s015_r1_bayes-theorem-diagram-probability-prior-post.jpg,loose mode; duplicate by SHA256; source and copyright not verified
ch03,第3章_贝叶斯定理与概率思维_100页_Marp.md,8,3.1 条件概率、全概率公式与贝叶斯定理,yes,1,reused_duplicate,E:\machine_learning\markdown\AI-BigData-Course-Add-Figs-0\assets\downloaded\ch01\text1_loose\ch01_s015_r1_bayes-theorem-diagram-probability-prior-post.jpg,assets/downloaded/ch01/text1_loose/ch01_s015_r1_bayes-theorem-diagram-probability-prior-post.jpg,ch01_s015_r1_bayes-theorem-diagram-probability-prior-post.jpg,.jpg,69767,,,059585fe1782810380923e3127f3828ed477ea1db44329dbfde401c6ea3843d7,https://www.bing.com/images/search?q=Bayes+theorem+diagram+probability+prior+posterior+likelihood+Bayes+theorem+probability+inference+diagram+3.1+%E6%9D%A1%E4%BB%B6%E6%A6%82%E7%8E%87%E3%80%81%E5%85%A8%E6%A6%82%E7%8E%87%E5%85%AC%E5%BC%8F%E4%B8%8E%E8%B4%9D%E5%8F%B6%E6%96%AF%E5%AE%9A%E7%90%86,https://tse1.mm.bing.net/th?q=Bayes+theorem+diagram+probability+prior+posterior+likelihood+Bayes+theorem+probability+inference+diagram+3.1+%E6%9D%A1%E4%BB%B6%E6%A6%82%E7%8E%87%E3%80%81%E5%85%A8%E6%A6%82%E7%8E%87%E5%85%AC%E5%BC%8F%E4%B8%8E%E8%B4%9D%E5%8F%B6%E6%96%AF%E5%AE%9A%E7%90%86&w=1600&h=900&c=7&rs=1&p=0,Bayes theorem diagram probability prior posterior likelihood Bayes theorem probability inference diagram 3.1 条件概率、全概率公式与贝叶斯定理,unknown,unknown; copyright risk not checked,来源不明或版权未核验，需人工复核后再用于正式课件。,Bayes theorem diagram probability prior posterior likelihood Bayes theorem probability inference diagram,算法流程,algorithm_diagram,3.1 条件概率、全概率公式与贝叶斯定理的教学示意图,底部横向流程图,assets/downloaded/ch01/text1_loose/ch01_s015_r1_bayes-theorem-diagram-probability-prior-post.jpg,loose mode; duplicate by SHA256; source and copyright not verified
ch03,第3章_贝叶斯定理与概率思维_100页_Marp.md,9,3.1.1 从随机试验到样本空间,yes,1,reused_duplicate,E:\machine_learning\markdown\AI-BigData-Course-Add-Figs-0\assets\downloaded\ch03\text1_loose\ch03_s004_r1_materials-microstructure-recognition-microsc.jpg,assets/downloaded/ch03/text1_loose/ch03_s004_r1_materials-microstructure-recognition-microsc.jpg,ch03_s004_r1_materials-microstructure-recognition-microsc.jpg,.jpg,64431,,,1d9830b0a60c8aa5c09e0807fdde079f90440b91b05dc05f5f2aca8bc26adab3,https://www.bing.com/images/search?q=materials+microstructure+recognition+microscopy+image+Bayes+theorem+probability+inference+diagram+3.1.1+%E4%BB%8E%E9%9A%8F%E6%9C%BA%E8%AF%95%E9%AA%8C%E5%88%B0%E6%A0%B7%E6%9C%AC%E7%A9%BA%E9%97%B4,https://tse1.mm.bing.net/th?q=materials+microstructure+recognition+microscopy+image+Bayes+theorem+probability+inference+diagram+3.1.1+%E4%BB%8E%E9%9A%8F%E6%9C%BA%E8%AF%95%E9%AA%8C%E5%88%B0%E6%A0%B7%E6%9C%AC%E7%A9%BA%E9%97%B4&w=1600&h=900&c=7&rs=1&p=0,materials microstructure recognition microscopy image Bayes theorem probability inference diagram 3.1.1 从随机试验到样本空间,unknown,unknown; copyright risk not checked,来源不明或版权未核验，需人工复核后再用于正式课件。,materials microstructure recognition microscopy image Bayes theorem probability inference diagram,材料组织,microscopy,3.1.1 从随机试验到样本空间的教学示意图,右侧 40% 宽度,assets/downloaded/ch03/text1_loose/ch03_s004_r1_materials-microstructure-recognition-microsc.jpg,loose mode; duplicate by SHA256; source and copyright not verified
ch03,第3章_贝叶斯定理与概率思维_100页_Marp.md,10,概率的三个基本性质,yes,1,reused_duplicate,E:\machine_learning\markdown\AI-BigData-Course-Add-Figs-0\assets\downloaded\ch01\text1_loose\ch01_s015_r1_bayes-theorem-diagram-probability-prior-post.jpg,assets/downloaded/ch01/text1_loose/ch01_s015_r1_bayes-theorem-diagram-probability-prior-post.jpg,ch01_s015_r1_bayes-theorem-diagram-probability-prior-post.jpg,.jpg,69767,,,059585fe1782810380923e3127f3828ed477ea1db44329dbfde401c6ea3843d7,https://www.bing.com/images/search?q=Bayes+theorem+diagram+probability+prior+posterior+likelihood+Bayes+theorem+probability+inference+diagram+%E6%A6%82%E7%8E%87%E7%9A%84%E4%B8%89%E4%B8%AA%E5%9F%BA%E6%9C%AC%E6%80%A7%E8%B4%A8,https://tse1.mm.bing.net/th?q=Bayes+theorem+diagram+probability+prior+posterior+likelihood+Bayes+theorem+probability+inference+diagram+%E6%A6%82%E7%8E%87%E7%9A%84%E4%B8%89%E4%B8%AA%E5%9F%BA%E6%9C%AC%E6%80%A7%E8%B4%A8&w=1600&h=900&c=7&rs=1&p=0,Bayes theorem diagram probability prior posterior likelihood Bayes theorem probability inference diagram 概率的三个基本性质,unknown,unknown; copyright risk not checked,来源不明或版权未核验，需人工复核后再用于正式课件。,Bayes theorem diagram probability prior posterior likelihood Bayes theorem probability inference diagram,算法流程,algorithm_diagram,概率的三个基本性质的教学示意图,底部横向流程图,assets/downloaded/ch01/text1_loose/ch01_s015_r1_bayes-theorem-diagram-probability-prior-post.jpg,loose mode; duplicate by SHA256; source and copyright not verified
ch03,第3章_贝叶斯定理与概率思维_100页_Marp.md,11,事件关系：交、并、补,yes,1,reused_duplicate,E:\machine_learning\markdown\AI-BigData-Course-Add-Figs-0\assets\downloaded\ch01\text1_loose\ch01_s015_r1_bayes-theorem-diagram-probability-prior-post.jpg,assets/downloaded/ch01/text1_loose/ch01_s015_r1_bayes-theorem-diagram-probability-prior-post.jpg,ch01_s015_r1_bayes-theorem-diagram-probability-prior-post.jpg,.jpg,69767,,,059585fe1782810380923e3127f3828ed477ea1db44329dbfde401c6ea3843d7,https://www.bing.com/images/search?q=Bayes+theorem+diagram+probability+prior+posterior+likelihood+Bayes+theorem+probability+inference+diagram+%E4%BA%8B%E4%BB%B6%E5%85%B3%E7%B3%BB%EF%BC%9A%E4%BA%A4%E3%80%81%E5%B9%B6%E3%80%81%E8%A1%A5,https://tse1.mm.bing.net/th?q=Bayes+theorem+diagram+probability+prior+posterior+likelihood+Bayes+theorem+probability+inference+diagram+%E4%BA%8B%E4%BB%B6%E5%85%B3%E7%B3%BB%EF%BC%9A%E4%BA%A4%E3%80%81%E5%B9%B6%E3%80%81%E8%A1%A5&w=1600&h=900&c=7&rs=1&p=0,Bayes theorem diagram probability prior posterior likelihood Bayes theorem probability inference diagram 事件关系：交、并、补,unknown,unknown; copyright risk not checked,来源不明或版权未核验，需人工复核后再用于正式课件。,Bayes theorem diagram probability prior posterior likelihood Bayes theorem probability inference diagram,算法流程,algorithm_diagram,事件关系：交、并、补的教学示意图,底部横向流程图,assets/downloaded/ch01/text1_loose/ch01_s015_r1_bayes-theorem-diagram-probability-prior-post.jpg,loose mode; duplicate by SHA256; source and copyright not verified
ch03,第3章_贝叶斯定理与概率思维_100页_Marp.md,12,3.1.2 联合概率：两个事件同时发生,yes,1,reused_duplicate,E:\machine_learning\markdown\AI-BigData-Course-Add-Figs-0\assets\downloaded\ch02\text1_loose\ch02_s088_r1_bayes-theorem-diagram-probability-prior-post.jpg,assets/downloaded/ch02/text1_loose/ch02_s088_r1_bayes-theorem-diagram-probability-prior-post.jpg,ch02_s088_r1_bayes-theorem-diagram-probability-prior-post.jpg,.jpg,66772,,,7ba7cec7cae1d336297988bf6430058ca8db2a88f8f99a8e7607c9120ecdd0aa,https://www.bing.com/images/search?q=Bayes+theorem+diagram+probability+prior+posterior+likelihood+Bayes+theorem+probability+inference+diagram+3.1.2+%E8%81%94%E5%90%88%E6%A6%82%E7%8E%87%EF%BC%9A%E4%B8%A4%E4%B8%AA%E4%BA%8B%E4%BB%B6%E5%90%8C%E6%97%B6%E5%8F%91%E7%94%9F,https://tse1.mm.bing.net/th?q=Bayes+theorem+diagram+probability+prior+posterior+likelihood+Bayes+theorem+probability+inference+diagram+3.1.2+%E8%81%94%E5%90%88%E6%A6%82%E7%8E%87%EF%BC%9A%E4%B8%A4%E4%B8%AA%E4%BA%8B%E4%BB%B6%E5%90%8C%E6%97%B6%E5%8F%91%E7%94%9F&w=1600&h=900&c=7&rs=1&p=0,Bayes theorem diagram probability prior posterior likelihood Bayes theorem probability inference diagram 3.1.2 联合概率：两个事件同时发生,unknown,unknown; copyright risk not checked,来源不明或版权未核验，需人工复核后再用于正式课件。,Bayes theorem diagram probability prior posterior likelihood Bayes theorem probability inference diagram,算法流程,algorithm_diagram,3.1.2 联合概率：两个事件同时发生的教学示意图,底部横向流程图,assets/downloaded/ch02/text1_loose/ch02_s088_r1_bayes-theorem-diagram-probability-prior-post.jpg,loose mode; duplicate by SHA256; source and copyright not verified
ch03,第3章_贝叶斯定理与概率思维_100页_Marp.md,13,3.1.3 条件概率：已知一个事件后再判断,yes,1,reused_duplicate,E:\machine_learning\markdown\AI-BigData-Course-Add-Figs-0\assets\downloaded\ch01\text1_loose\ch01_s015_r1_bayes-theorem-diagram-probability-prior-post.jpg,assets/downloaded/ch01/text1_loose/ch01_s015_r1_bayes-theorem-diagram-probability-prior-post.jpg,ch01_s015_r1_bayes-theorem-diagram-probability-prior-post.jpg,.jpg,69767,,,059585fe1782810380923e3127f3828ed477ea1db44329dbfde401c6ea3843d7,https://www.bing.com/images/search?q=Bayes+theorem+diagram+probability+prior+posterior+likelihood+Bayes+theorem+probability+inference+diagram+3.1.3+%E6%9D%A1%E4%BB%B6%E6%A6%82%E7%8E%87%EF%BC%9A%E5%B7%B2%E7%9F%A5%E4%B8%80%E4%B8%AA%E4%BA%8B%E4%BB%B6%E5%90%8E%E5%86%8D%E5%88%A4%E6%96%AD,https://tse1.mm.bing.net/th?q=Bayes+theorem+diagram+probability+prior+posterior+likelihood+Bayes+theorem+probability+inference+diagram+3.1.3+%E6%9D%A1%E4%BB%B6%E6%A6%82%E7%8E%87%EF%BC%9A%E5%B7%B2%E7%9F%A5%E4%B8%80%E4%B8%AA%E4%BA%8B%E4%BB%B6%E5%90%8E%E5%86%8D%E5%88%A4%E6%96%AD&w=1600&h=900&c=7&rs=1&p=0,Bayes theorem diagram probability prior posterior likelihood Bayes theorem probability inference diagram 3.1.3 条件概率：已知一个事件后再判断,unknown,unknown; copyright risk not checked,来源不明或版权未核验，需人工复核后再用于正式课件。,Bayes theorem diagram probability prior posterior likelihood Bayes theorem probability inference diagram,算法流程,algorithm_diagram,3.1.3 条件概率：已知一个事件后再判断的教学示意图,底部横向流程图,assets/downloaded/ch01/text1_loose/ch01_s015_r1_bayes-theorem-diagram-probability-prior-post.jpg,loose mode; duplicate by SHA256; source and copyright not verified
ch03,第3章_贝叶斯定理与概率思维_100页_Marp.md,14,条件概率的教学重点,yes,1,reused_duplicate,E:\machine_learning\markdown\AI-BigData-Course-Add-Figs-0\assets\downloaded\ch01\text1_loose\ch01_s015_r1_bayes-theorem-diagram-probability-prior-post.jpg,assets/downloaded/ch01/text1_loose/ch01_s015_r1_bayes-theorem-diagram-probability-prior-post.jpg,ch01_s015_r1_bayes-theorem-diagram-probability-prior-post.jpg,.jpg,69767,,,059585fe1782810380923e3127f3828ed477ea1db44329dbfde401c6ea3843d7,https://www.bing.com/images/search?q=Bayes+theorem+diagram+probability+prior+posterior+likelihood+Bayes+theorem+probability+inference+diagram+%E6%9D%A1%E4%BB%B6%E6%A6%82%E7%8E%87%E7%9A%84%E6%95%99%E5%AD%A6%E9%87%8D%E7%82%B9,https://tse1.mm.bing.net/th?q=Bayes+theorem+diagram+probability+prior+posterior+likelihood+Bayes+theorem+probability+inference+diagram+%E6%9D%A1%E4%BB%B6%E6%A6%82%E7%8E%87%E7%9A%84%E6%95%99%E5%AD%A6%E9%87%8D%E7%82%B9&w=1600&h=900&c=7&rs=1&p=0,Bayes theorem diagram probability prior posterior likelihood Bayes theorem probability inference diagram 条件概率的教学重点,unknown,unknown; copyright risk not checked,来源不明或版权未核验，需人工复核后再用于正式课件。,Bayes theorem diagram probability prior posterior likelihood Bayes theorem probability inference diagram,算法流程,algorithm_diagram,条件概率的教学重点的教学示意图,底部横向流程图,assets/downloaded/ch01/text1_loose/ch01_s015_r1_bayes-theorem-diagram-probability-prior-post.jpg,loose mode; duplicate by SHA256; source and copyright not verified
ch03,第3章_贝叶斯定理与概率思维_100页_Marp.md,15,3.1.4 乘法公式,yes,1,reused_duplicate,E:\machine_learning\markdown\AI-BigData-Course-Add-Figs-0\assets\downloaded\ch01\text1_loose\ch01_s015_r1_bayes-theorem-diagram-probability-prior-post.jpg,assets/downloaded/ch01/text1_loose/ch01_s015_r1_bayes-theorem-diagram-probability-prior-post.jpg,ch01_s015_r1_bayes-theorem-diagram-probability-prior-post.jpg,.jpg,69767,,,059585fe1782810380923e3127f3828ed477ea1db44329dbfde401c6ea3843d7,https://www.bing.com/images/search?q=Bayes+theorem+diagram+probability+prior+posterior+likelihood+Bayes+theorem+probability+inference+diagram+3.1.4+%E4%B9%98%E6%B3%95%E5%85%AC%E5%BC%8F,https://tse1.mm.bing.net/th?q=Bayes+theorem+diagram+probability+prior+posterior+likelihood+Bayes+theorem+probability+inference+diagram+3.1.4+%E4%B9%98%E6%B3%95%E5%85%AC%E5%BC%8F&w=1600&h=900&c=7&rs=1&p=0,Bayes theorem diagram probability prior posterior likelihood Bayes theorem probability inference diagram 3.1.4 乘法公式,unknown,unknown; copyright risk not checked,来源不明或版权未核验，需人工复核后再用于正式课件。,Bayes theorem diagram probability prior posterior likelihood Bayes theorem probability inference diagram,算法流程,algorithm_diagram,3.1.4 乘法公式的教学示意图,底部横向流程图,assets/downloaded/ch01/text1_loose/ch01_s015_r1_bayes-theorem-diagram-probability-prior-post.jpg,loose mode; duplicate by SHA256; source and copyright not verified
ch03,第3章_贝叶斯定理与概率思维_100页_Marp.md,16,独立性：是否互相影响？,yes,1,reused_duplicate,E:\machine_learning\markdown\AI-BigData-Course-Add-Figs-0\assets\downloaded\ch01\text1_loose\ch01_s015_r1_bayes-theorem-diagram-probability-prior-post.jpg,assets/downloaded/ch01/text1_loose/ch01_s015_r1_bayes-theorem-diagram-probability-prior-post.jpg,ch01_s015_r1_bayes-theorem-diagram-probability-prior-post.jpg,.jpg,69767,,,059585fe1782810380923e3127f3828ed477ea1db44329dbfde401c6ea3843d7,https://www.bing.com/images/search?q=Bayes+theorem+diagram+probability+prior+posterior+likelihood+Bayes+theorem+probability+inference+diagram+%E7%8B%AC%E7%AB%8B%E6%80%A7%EF%BC%9A%E6%98%AF%E5%90%A6%E4%BA%92%E7%9B%B8%E5%BD%B1%E5%93%8D%EF%BC%9F,https://tse1.mm.bing.net/th?q=Bayes+theorem+diagram+probability+prior+posterior+likelihood+Bayes+theorem+probability+inference+diagram+%E7%8B%AC%E7%AB%8B%E6%80%A7%EF%BC%9A%E6%98%AF%E5%90%A6%E4%BA%92%E7%9B%B8%E5%BD%B1%E5%93%8D%EF%BC%9F&w=1600&h=900&c=7&rs=1&p=0,Bayes theorem diagram probability prior posterior likelihood Bayes theorem probability inference diagram 独立性：是否互相影响？,unknown,unknown; copyright risk not checked,来源不明或版权未核验，需人工复核后再用于正式课件。,Bayes theorem diagram probability prior posterior likelihood Bayes theorem probability inference diagram,算法流程,algorithm_diagram,独立性：是否互相影响？的教学示意图,底部横向流程图,assets/downloaded/ch01/text1_loose/ch01_s015_r1_bayes-theorem-diagram-probability-prior-post.jpg,loose mode; duplicate by SHA256; source and copyright not verified
ch03,第3章_贝叶斯定理与概率思维_100页_Marp.md,17,3.1.5 全概率公式：把复杂事件分解,yes,1,reused_duplicate,E:\machine_learning\markdown\AI-BigData-Course-Add-Figs-0\assets\downloaded\ch02\text1_loose\ch02_s088_r1_bayes-theorem-diagram-probability-prior-post.jpg,assets/downloaded/ch02/text1_loose/ch02_s088_r1_bayes-theorem-diagram-probability-prior-post.jpg,ch02_s088_r1_bayes-theorem-diagram-probability-prior-post.jpg,.jpg,66772,,,7ba7cec7cae1d336297988bf6430058ca8db2a88f8f99a8e7607c9120ecdd0aa,https://www.bing.com/images/search?q=Bayes+theorem+diagram+probability+prior+posterior+likelihood+Bayes+theorem+probability+inference+diagram+3.1.5+%E5%85%A8%E6%A6%82%E7%8E%87%E5%85%AC%E5%BC%8F%EF%BC%9A%E6%8A%8A%E5%A4%8D%E6%9D%82%E4%BA%8B%E4%BB%B6%E5%88%86%E8%A7%A3,https://tse1.mm.bing.net/th?q=Bayes+theorem+diagram+probability+prior+posterior+likelihood+Bayes+theorem+probability+inference+diagram+3.1.5+%E5%85%A8%E6%A6%82%E7%8E%87%E5%85%AC%E5%BC%8F%EF%BC%9A%E6%8A%8A%E5%A4%8D%E6%9D%82%E4%BA%8B%E4%BB%B6%E5%88%86%E8%A7%A3&w=1600&h=900&c=7&rs=1&p=0,Bayes theorem diagram probability prior posterior likelihood Bayes theorem probability inference diagram 3.1.5 全概率公式：把复杂事件分解,unknown,unknown; copyright risk not checked,来源不明或版权未核验，需人工复核后再用于正式课件。,Bayes theorem diagram probability prior posterior likelihood Bayes theorem probability inference diagram,算法流程,algorithm_diagram,3.1.5 全概率公式：把复杂事件分解的教学示意图,底部横向流程图,assets/downloaded/ch02/text1_loose/ch02_s088_r1_bayes-theorem-diagram-probability-prior-post.jpg,loose mode; duplicate by SHA256; source and copyright not verified
ch03,第3章_贝叶斯定理与概率思维_100页_Marp.md,18,全概率公式的材料解释,yes,1,reused_duplicate,E:\machine_learning\markdown\AI-BigData-Course-Add-Figs-0\assets\downloaded\ch02\text1_loose\ch02_s088_r1_bayes-theorem-diagram-probability-prior-post.jpg,assets/downloaded/ch02/text1_loose/ch02_s088_r1_bayes-theorem-diagram-probability-prior-post.jpg,ch02_s088_r1_bayes-theorem-diagram-probability-prior-post.jpg,.jpg,66772,,,7ba7cec7cae1d336297988bf6430058ca8db2a88f8f99a8e7607c9120ecdd0aa,https://www.bing.com/images/search?q=Bayes+theorem+diagram+probability+prior+posterior+likelihood+Bayes+theorem+probability+inference+diagram+%E5%85%A8%E6%A6%82%E7%8E%87%E5%85%AC%E5%BC%8F%E7%9A%84%E6%9D%90%E6%96%99%E8%A7%A3%E9%87%8A,https://tse1.mm.bing.net/th?q=Bayes+theorem+diagram+probability+prior+posterior+likelihood+Bayes+theorem+probability+inference+diagram+%E5%85%A8%E6%A6%82%E7%8E%87%E5%85%AC%E5%BC%8F%E7%9A%84%E6%9D%90%E6%96%99%E8%A7%A3%E9%87%8A&w=1600&h=900&c=7&rs=1&p=0,Bayes theorem diagram probability prior posterior likelihood Bayes theorem probability inference diagram 全概率公式的材料解释,unknown,unknown; copyright risk not checked,来源不明或版权未核验，需人工复核后再用于正式课件。,Bayes theorem diagram probability prior posterior likelihood Bayes theorem probability inference diagram,算法流程,algorithm_diagram,全概率公式的材料解释的教学示意图,底部横向流程图,assets/downloaded/ch02/text1_loose/ch02_s088_r1_bayes-theorem-diagram-probability-prior-post.jpg,loose mode; duplicate by SHA256; source and copyright not verified
ch03,第3章_贝叶斯定理与概率思维_100页_Marp.md,19,3.1.6 贝叶斯定理：反向概率更新,yes,1,reused_duplicate,E:\machine_learning\markdown\AI-BigData-Course-Add-Figs-0\assets\downloaded\ch01\text1_loose\ch01_s015_r1_bayes-theorem-diagram-probability-prior-post.jpg,assets/downloaded/ch01/text1_loose/ch01_s015_r1_bayes-theorem-diagram-probability-prior-post.jpg,ch01_s015_r1_bayes-theorem-diagram-probability-prior-post.jpg,.jpg,69767,,,059585fe1782810380923e3127f3828ed477ea1db44329dbfde401c6ea3843d7,https://www.bing.com/images/search?q=Bayes+theorem+diagram+probability+prior+posterior+likelihood+Bayes+theorem+probability+inference+diagram+3.1.6+%E8%B4%9D%E5%8F%B6%E6%96%AF%E5%AE%9A%E7%90%86%EF%BC%9A%E5%8F%8D%E5%90%91%E6%A6%82%E7%8E%87%E6%9B%B4%E6%96%B0,https://tse1.mm.bing.net/th?q=Bayes+theorem+diagram+probability+prior+posterior+likelihood+Bayes+theorem+probability+inference+diagram+3.1.6+%E8%B4%9D%E5%8F%B6%E6%96%AF%E5%AE%9A%E7%90%86%EF%BC%9A%E5%8F%8D%E5%90%91%E6%A6%82%E7%8E%87%E6%9B%B4%E6%96%B0&w=1600&h=900&c=7&rs=1&p=0,Bayes theorem diagram probability prior posterior likelihood Bayes theorem probability inference diagram 3.1.6 贝叶斯定理：反向概率更新,unknown,unknown; copyright risk not checked,来源不明或版权未核验，需人工复核后再用于正式课件。,Bayes theorem diagram probability prior posterior likelihood Bayes theorem probability inference diagram,算法流程,algorithm_diagram,3.1.6 贝叶斯定理：反向概率更新的教学示意图,底部横向流程图,assets/downloaded/ch01/text1_loose/ch01_s015_r1_bayes-theorem-diagram-probability-prior-post.jpg,loose mode; duplicate by SHA256; source and copyright not verified
ch03,第3章_贝叶斯定理与概率思维_100页_Marp.md,20,贝叶斯定理的四个组成部分,yes,1,reused_duplicate,E:\machine_learning\markdown\AI-BigData-Course-Add-Figs-0\assets\downloaded\ch02\text1_loose\ch02_s088_r1_bayes-theorem-diagram-probability-prior-post.jpg,assets/downloaded/ch02/text1_loose/ch02_s088_r1_bayes-theorem-diagram-probability-prior-post.jpg,ch02_s088_r1_bayes-theorem-diagram-probability-prior-post.jpg,.jpg,66772,,,7ba7cec7cae1d336297988bf6430058ca8db2a88f8f99a8e7607c9120ecdd0aa,https://www.bing.com/images/search?q=Bayes+theorem+diagram+probability+prior+posterior+likelihood+Bayes+theorem+probability+inference+diagram+%E8%B4%9D%E5%8F%B6%E6%96%AF%E5%AE%9A%E7%90%86%E7%9A%84%E5%9B%9B%E4%B8%AA%E7%BB%84%E6%88%90%E9%83%A8%E5%88%86,https://tse1.mm.bing.net/th?q=Bayes+theorem+diagram+probability+prior+posterior+likelihood+Bayes+theorem+probability+inference+diagram+%E8%B4%9D%E5%8F%B6%E6%96%AF%E5%AE%9A%E7%90%86%E7%9A%84%E5%9B%9B%E4%B8%AA%E7%BB%84%E6%88%90%E9%83%A8%E5%88%86&w=1600&h=900&c=7&rs=1&p=0,Bayes theorem diagram probability prior posterior likelihood Bayes theorem probability inference diagram 贝叶斯定理的四个组成部分,unknown,unknown; copyright risk not checked,来源不明或版权未核验，需人工复核后再用于正式课件。,Bayes theorem diagram probability prior posterior likelihood Bayes theorem probability inference diagram,算法流程,algorithm_diagram,贝叶斯定理的四个组成部分的教学示意图,底部横向流程图,assets/downloaded/ch02/text1_loose/ch02_s088_r1_bayes-theorem-diagram-probability-prior-post.jpg,loose mode; duplicate by SHA256; source and copyright not verified
ch03,第3章_贝叶斯定理与概率思维_100页_Marp.md,21,例1：缺陷检测中的基准概率,yes,1,reused_duplicate,E:\machine_learning\markdown\AI-BigData-Course-Add-Figs-0\assets\downloaded\ch01\text1_loose\ch01_s015_r1_bayes-theorem-diagram-probability-prior-post.jpg,assets/downloaded/ch01/text1_loose/ch01_s015_r1_bayes-theorem-diagram-probability-prior-post.jpg,ch01_s015_r1_bayes-theorem-diagram-probability-prior-post.jpg,.jpg,69767,,,059585fe1782810380923e3127f3828ed477ea1db44329dbfde401c6ea3843d7,https://www.bing.com/images/search?q=Bayes+theorem+diagram+probability+prior+posterior+likelihood+Bayes+theorem+probability+inference+diagram+%E4%BE%8B1%EF%BC%9A%E7%BC%BA%E9%99%B7%E6%A3%80%E6%B5%8B%E4%B8%AD%E7%9A%84%E5%9F%BA%E5%87%86%E6%A6%82%E7%8E%87,https://tse1.mm.bing.net/th?q=Bayes+theorem+diagram+probability+prior+posterior+likelihood+Bayes+theorem+probability+inference+diagram+%E4%BE%8B1%EF%BC%9A%E7%BC%BA%E9%99%B7%E6%A3%80%E6%B5%8B%E4%B8%AD%E7%9A%84%E5%9F%BA%E5%87%86%E6%A6%82%E7%8E%87&w=1600&h=900&c=7&rs=1&p=0,Bayes theorem diagram probability prior posterior likelihood Bayes theorem probability inference diagram 例1：缺陷检测中的基准概率,unknown,unknown; copyright risk not checked,来源不明或版权未核验，需人工复核后再用于正式课件。,Bayes theorem diagram probability prior posterior likelihood Bayes theorem probability inference diagram,算法流程,algorithm_diagram,例1：缺陷检测中的基准概率的教学示意图,底部横向流程图,assets/downloaded/ch01/text1_loose/ch01_s015_r1_bayes-theorem-diagram-probability-prior-post.jpg,loose mode; duplicate by SHA256; source and copyright not verified
ch03,第3章_贝叶斯定理与概率思维_100页_Marp.md,22,例1计算：阳性不等于一定有裂纹,yes,1,reused_duplicate,E:\machine_learning\markdown\AI-BigData-Course-Add-Figs-0\assets\downloaded\ch01\text1_loose\ch01_s015_r1_bayes-theorem-diagram-probability-prior-post.jpg,assets/downloaded/ch01/text1_loose/ch01_s015_r1_bayes-theorem-diagram-probability-prior-post.jpg,ch01_s015_r1_bayes-theorem-diagram-probability-prior-post.jpg,.jpg,69767,,,059585fe1782810380923e3127f3828ed477ea1db44329dbfde401c6ea3843d7,https://www.bing.com/images/search?q=Bayes+theorem+diagram+probability+prior+posterior+likelihood+Bayes+theorem+probability+inference+diagram+%E4%BE%8B1%E8%AE%A1%E7%AE%97%EF%BC%9A%E9%98%B3%E6%80%A7%E4%B8%8D%E7%AD%89%E4%BA%8E%E4%B8%80%E5%AE%9A%E6%9C%89%E8%A3%82%E7%BA%B9,https://tse1.mm.bing.net/th?q=Bayes+theorem+diagram+probability+prior+posterior+likelihood+Bayes+theorem+probability+inference+diagram+%E4%BE%8B1%E8%AE%A1%E7%AE%97%EF%BC%9A%E9%98%B3%E6%80%A7%E4%B8%8D%E7%AD%89%E4%BA%8E%E4%B8%80%E5%AE%9A%E6%9C%89%E8%A3%82%E7%BA%B9&w=1600&h=900&c=7&rs=1&p=0,Bayes theorem diagram probability prior posterior likelihood Bayes theorem probability inference diagram 例1计算：阳性不等于一定有裂纹,unknown,unknown; copyright risk not checked,来源不明或版权未核验，需人工复核后再用于正式课件。,Bayes theorem diagram probability prior posterior likelihood Bayes theorem probability inference diagram,算法流程,algorithm_diagram,例1计算：阳性不等于一定有裂纹的教学示意图,底部横向流程图,assets/downloaded/ch01/text1_loose/ch01_s015_r1_bayes-theorem-diagram-probability-prior-post.jpg,loose mode; duplicate by SHA256; source and copyright not verified
ch03,第3章_贝叶斯定理与概率思维_100页_Marp.md,23,用自然频数解释贝叶斯定理,yes,1,reused_duplicate,E:\machine_learning\markdown\AI-BigData-Course-Add-Figs-0\assets\downloaded\ch01\text1_loose\ch01_s015_r1_bayes-theorem-diagram-probability-prior-post.jpg,assets/downloaded/ch01/text1_loose/ch01_s015_r1_bayes-theorem-diagram-probability-prior-post.jpg,ch01_s015_r1_bayes-theorem-diagram-probability-prior-post.jpg,.jpg,69767,,,059585fe1782810380923e3127f3828ed477ea1db44329dbfde401c6ea3843d7,https://www.bing.com/images/search?q=Bayes+theorem+diagram+probability+prior+posterior+likelihood+Bayes+theorem+probability+inference+diagram+%E7%94%A8%E8%87%AA%E7%84%B6%E9%A2%91%E6%95%B0%E8%A7%A3%E9%87%8A%E8%B4%9D%E5%8F%B6%E6%96%AF%E5%AE%9A%E7%90%86,https://tse1.mm.bing.net/th?q=Bayes+theorem+diagram+probability+prior+posterior+likelihood+Bayes+theorem+probability+inference+diagram+%E7%94%A8%E8%87%AA%E7%84%B6%E9%A2%91%E6%95%B0%E8%A7%A3%E9%87%8A%E8%B4%9D%E5%8F%B6%E6%96%AF%E5%AE%9A%E7%90%86&w=1600&h=900&c=7&rs=1&p=0,Bayes theorem diagram probability prior posterior likelihood Bayes theorem probability inference diagram 用自然频数解释贝叶斯定理,unknown,unknown; copyright risk not checked,来源不明或版权未核验，需人工复核后再用于正式课件。,Bayes theorem diagram probability prior posterior likelihood Bayes theorem probability inference diagram,算法流程,algorithm_diagram,用自然频数解释贝叶斯定理的教学示意图,底部横向流程图,assets/downloaded/ch01/text1_loose/ch01_s015_r1_bayes-theorem-diagram-probability-prior-post.jpg,loose mode; duplicate by SHA256; source and copyright not verified
ch03,第3章_贝叶斯定理与概率思维_100页_Marp.md,24,课堂讨论：为什么人们容易误判？,yes,1,reused_duplicate,E:\machine_learning\markdown\AI-BigData-Course-Add-Figs-0\assets\downloaded\ch01\text1_loose\ch01_s015_r1_bayes-theorem-diagram-probability-prior-post.jpg,assets/downloaded/ch01/text1_loose/ch01_s015_r1_bayes-theorem-diagram-probability-prior-post.jpg,ch01_s015_r1_bayes-theorem-diagram-probability-prior-post.jpg,.jpg,69767,,,059585fe1782810380923e3127f3828ed477ea1db44329dbfde401c6ea3843d7,https://www.bing.com/images/search?q=Bayes+theorem+diagram+probability+prior+posterior+likelihood+Bayes+theorem+probability+inference+diagram+%E8%AF%BE%E5%A0%82%E8%AE%A8%E8%AE%BA%EF%BC%9A%E4%B8%BA%E4%BB%80%E4%B9%88%E4%BA%BA%E4%BB%AC%E5%AE%B9%E6%98%93%E8%AF%AF%E5%88%A4%EF%BC%9F,https://tse1.mm.bing.net/th?q=Bayes+theorem+diagram+probability+prior+posterior+likelihood+Bayes+theorem+probability+inference+diagram+%E8%AF%BE%E5%A0%82%E8%AE%A8%E8%AE%BA%EF%BC%9A%E4%B8%BA%E4%BB%80%E4%B9%88%E4%BA%BA%E4%BB%AC%E5%AE%B9%E6%98%93%E8%AF%AF%E5%88%A4%EF%BC%9F&w=1600&h=900&c=7&rs=1&p=0,Bayes theorem diagram probability prior posterior likelihood Bayes theorem probability inference diagram 课堂讨论：为什么人们容易误判？,unknown,unknown; copyright risk not checked,来源不明或版权未核验，需人工复核后再用于正式课件。,Bayes theorem diagram probability prior posterior likelihood Bayes theorem probability inference diagram,算法流程,algorithm_diagram,课堂讨论：为什么人们容易误判？的教学示意图,底部横向流程图,assets/downloaded/ch01/text1_loose/ch01_s015_r1_bayes-theorem-diagram-probability-prior-post.jpg,loose mode; duplicate by SHA256; source and copyright not verified
ch03,第3章_贝叶斯定理与概率思维_100页_Marp.md,26,3.2 先验、似然、后验与证据,yes,1,reused_duplicate,E:\machine_learning\markdown\AI-BigData-Course-Add-Figs-0\assets\downloaded\ch01\text1_loose\ch01_s015_r1_bayes-theorem-diagram-probability-prior-post.jpg,assets/downloaded/ch01/text1_loose/ch01_s015_r1_bayes-theorem-diagram-probability-prior-post.jpg,ch01_s015_r1_bayes-theorem-diagram-probability-prior-post.jpg,.jpg,69767,,,059585fe1782810380923e3127f3828ed477ea1db44329dbfde401c6ea3843d7,https://www.bing.com/images/search?q=Bayes+theorem+diagram+probability+prior+posterior+likelihood+Bayes+theorem+probability+inference+diagram+3.2+%E5%85%88%E9%AA%8C%E3%80%81%E4%BC%BC%E7%84%B6%E3%80%81%E5%90%8E%E9%AA%8C%E4%B8%8E%E8%AF%81%E6%8D%AE,https://tse1.mm.bing.net/th?q=Bayes+theorem+diagram+probability+prior+posterior+likelihood+Bayes+theorem+probability+inference+diagram+3.2+%E5%85%88%E9%AA%8C%E3%80%81%E4%BC%BC%E7%84%B6%E3%80%81%E5%90%8E%E9%AA%8C%E4%B8%8E%E8%AF%81%E6%8D%AE&w=1600&h=900&c=7&rs=1&p=0,Bayes theorem diagram probability prior posterior likelihood Bayes theorem probability inference diagram 3.2 先验、似然、后验与证据,unknown,unknown; copyright risk not checked,来源不明或版权未核验，需人工复核后再用于正式课件。,Bayes theorem diagram probability prior posterior likelihood Bayes theorem probability inference diagram,算法流程,algorithm_diagram,3.2 先验、似然、后验与证据的教学示意图,底部横向流程图,assets/downloaded/ch01/text1_loose/ch01_s015_r1_bayes-theorem-diagram-probability-prior-post.jpg,loose mode; duplicate by SHA256; source and copyright not verified
ch03,第3章_贝叶斯定理与概率思维_100页_Marp.md,27,3.2.1 从事件假设到模型参数,yes,1,downloaded,E:\machine_learning\markdown\AI-BigData-Course-Add-Figs-0\assets\downloaded\ch03\text1_loose\ch03_s027_r1_bayes-theorem-probability-inference-diagram.jpg,assets/downloaded/ch03/text1_loose/ch03_s027_r1_bayes-theorem-probability-inference-diagram.jpg,ch03_s027_r1_bayes-theorem-probability-inference-diagram.jpg,.jpg,59289,1598,900,8f7fed79e597147ab5578ae410dd02704e55daccf548a6f7b5eaa37057c4a43e,https://www.bing.com/images/search?q=Bayes+theorem+probability+inference+diagram+3.2.1+%E4%BB%8E%E4%BA%8B%E4%BB%B6%E5%81%87%E8%AE%BE%E5%88%B0%E6%A8%A1%E5%9E%8B%E5%8F%82%E6%95%B0+concept+diagram+open+educational+resource+3.2.1+%E4%BB%8E%E4%BA%8B%E4%BB%B6%E5%81%87%E8%AE%BE%E5%88%B0%E6%A8%A1%E5%9E%8B%E5%8F%82%E6%95%B0,https://tse1.mm.bing.net/th?q=Bayes+theorem+probability+inference+diagram+3.2.1+%E4%BB%8E%E4%BA%8B%E4%BB%B6%E5%81%87%E8%AE%BE%E5%88%B0%E6%A8%A1%E5%9E%8B%E5%8F%82%E6%95%B0+concept+diagram+open+educational+resource+3.2.1+%E4%BB%8E%E4%BA%8B%E4%BB%B6%E5%81%87%E8%AE%BE%E5%88%B0%E6%A8%A1%E5%9E%8B%E5%8F%82%E6%95%B0&w=1600&h=900&c=7&rs=1&p=0,Bayes theorem probability inference diagram 3.2.1 从事件假设到模型参数 concept diagram open educational resource 3.2.1 从事件假设到模型参数,unknown,unknown; copyright risk not checked,来源不明或版权未核验，需人工复核后再用于正式课件。,Bayes theorem probability inference diagram 3.2.1 从事件假设到模型参数 concept diagram open educational resource,概念示意,schematic,3.2.1 从事件假设到模型参数的教学示意图,右侧 35% 宽度,,loose mode; source and copyright not verified; opened successfully
ch03,第3章_贝叶斯定理与概率思维_100页_Marp.md,29,3.2.3 贝叶斯参数推断公式,yes,1,reused_duplicate,E:\machine_learning\markdown\AI-BigData-Course-Add-Figs-0\assets\downloaded\ch01\text1_loose\ch01_s015_r1_bayes-theorem-diagram-probability-prior-post.jpg,assets/downloaded/ch01/text1_loose/ch01_s015_r1_bayes-theorem-diagram-probability-prior-post.jpg,ch01_s015_r1_bayes-theorem-diagram-probability-prior-post.jpg,.jpg,69767,,,059585fe1782810380923e3127f3828ed477ea1db44329dbfde401c6ea3843d7,https://www.bing.com/images/search?q=Bayes+theorem+diagram+probability+prior+posterior+likelihood+Bayes+theorem+probability+inference+diagram+3.2.3+%E8%B4%9D%E5%8F%B6%E6%96%AF%E5%8F%82%E6%95%B0%E6%8E%A8%E6%96%AD%E5%85%AC%E5%BC%8F,https://tse1.mm.bing.net/th?q=Bayes+theorem+diagram+probability+prior+posterior+likelihood+Bayes+theorem+probability+inference+diagram+3.2.3+%E8%B4%9D%E5%8F%B6%E6%96%AF%E5%8F%82%E6%95%B0%E6%8E%A8%E6%96%AD%E5%85%AC%E5%BC%8F&w=1600&h=900&c=7&rs=1&p=0,Bayes theorem diagram probability prior posterior likelihood Bayes theorem probability inference diagram 3.2.3 贝叶斯参数推断公式,unknown,unknown; copyright risk not checked,来源不明或版权未核验，需人工复核后再用于正式课件。,Bayes theorem diagram probability prior posterior likelihood Bayes theorem probability inference diagram,算法流程,algorithm_diagram,3.2.3 贝叶斯参数推断公式的教学示意图,底部横向流程图,assets/downloaded/ch01/text1_loose/ch01_s015_r1_bayes-theorem-diagram-probability-prior-post.jpg,loose mode; duplicate by SHA256; source and copyright not verified
ch03,第3章_贝叶斯定理与概率思维_100页_Marp.md,30,参数贝叶斯公式的解释,yes,1,reused_duplicate,E:\machine_learning\markdown\AI-BigData-Course-Add-Figs-0\assets\downloaded\ch01\text1_loose\ch01_s015_r1_bayes-theorem-diagram-probability-prior-post.jpg,assets/downloaded/ch01/text1_loose/ch01_s015_r1_bayes-theorem-diagram-probability-prior-post.jpg,ch01_s015_r1_bayes-theorem-diagram-probability-prior-post.jpg,.jpg,69767,,,059585fe1782810380923e3127f3828ed477ea1db44329dbfde401c6ea3843d7,https://www.bing.com/images/search?q=Bayes+theorem+diagram+probability+prior+posterior+likelihood+Bayes+theorem+probability+inference+diagram+%E5%8F%82%E6%95%B0%E8%B4%9D%E5%8F%B6%E6%96%AF%E5%85%AC%E5%BC%8F%E7%9A%84%E8%A7%A3%E9%87%8A,https://tse1.mm.bing.net/th?q=Bayes+theorem+diagram+probability+prior+posterior+likelihood+Bayes+theorem+probability+inference+diagram+%E5%8F%82%E6%95%B0%E8%B4%9D%E5%8F%B6%E6%96%AF%E5%85%AC%E5%BC%8F%E7%9A%84%E8%A7%A3%E9%87%8A&w=1600&h=900&c=7&rs=1&p=0,Bayes theorem diagram probability prior posterior likelihood Bayes theorem probability inference diagram 参数贝叶斯公式的解释,unknown,unknown; copyright risk not checked,来源不明或版权未核验，需人工复核后再用于正式课件。,Bayes theorem diagram probability prior posterior likelihood Bayes theorem probability inference diagram,算法流程,algorithm_diagram,参数贝叶斯公式的解释的教学示意图,底部横向流程图,assets/downloaded/ch01/text1_loose/ch01_s015_r1_bayes-theorem-diagram-probability-prior-post.jpg,loose mode; duplicate by SHA256; source and copyright not verified
ch03,第3章_贝叶斯定理与概率思维_100页_Marp.md,31,3.2.4 先验：把已有知识写成概率分布,yes,1,reused_duplicate,E:\machine_learning\markdown\AI-BigData-Course-Add-Figs-0\assets\downloaded\ch01\text1_loose\ch01_s015_r1_bayes-theorem-diagram-probability-prior-post.jpg,assets/downloaded/ch01/text1_loose/ch01_s015_r1_bayes-theorem-diagram-probability-prior-post.jpg,ch01_s015_r1_bayes-theorem-diagram-probability-prior-post.jpg,.jpg,69767,,,059585fe1782810380923e3127f3828ed477ea1db44329dbfde401c6ea3843d7,https://www.bing.com/images/search?q=Bayes+theorem+diagram+probability+prior+posterior+likelihood+Bayes+theorem+probability+inference+diagram+3.2.4+%E5%85%88%E9%AA%8C%EF%BC%9A%E6%8A%8A%E5%B7%B2%E6%9C%89%E7%9F%A5%E8%AF%86%E5%86%99%E6%88%90%E6%A6%82%E7%8E%87%E5%88%86%E5%B8%83,https://tse1.mm.bing.net/th?q=Bayes+theorem+diagram+probability+prior+posterior+likelihood+Bayes+theorem+probability+inference+diagram+3.2.4+%E5%85%88%E9%AA%8C%EF%BC%9A%E6%8A%8A%E5%B7%B2%E6%9C%89%E7%9F%A5%E8%AF%86%E5%86%99%E6%88%90%E6%A6%82%E7%8E%87%E5%88%86%E5%B8%83&w=1600&h=900&c=7&rs=1&p=0,Bayes theorem diagram probability prior posterior likelihood Bayes theorem probability inference diagram 3.2.4 先验：把已有知识写成概率分布,unknown,unknown; copyright risk not checked,来源不明或版权未核验，需人工复核后再用于正式课件。,Bayes theorem diagram probability prior posterior likelihood Bayes theorem probability inference diagram,算法流程,algorithm_diagram,3.2.4 先验：把已有知识写成概率分布的教学示意图,底部横向流程图,assets/downloaded/ch01/text1_loose/ch01_s015_r1_bayes-theorem-diagram-probability-prior-post.jpg,loose mode; duplicate by SHA256; source and copyright not verified
ch03,第3章_贝叶斯定理与概率思维_100页_Marp.md,32,常见先验分布,yes,1,reused_duplicate,E:\machine_learning\markdown\AI-BigData-Course-Add-Figs-0\assets\downloaded\ch01\text1_loose\ch01_s015_r1_bayes-theorem-diagram-probability-prior-post.jpg,assets/downloaded/ch01/text1_loose/ch01_s015_r1_bayes-theorem-diagram-probability-prior-post.jpg,ch01_s015_r1_bayes-theorem-diagram-probability-prior-post.jpg,.jpg,69767,,,059585fe1782810380923e3127f3828ed477ea1db44329dbfde401c6ea3843d7,https://www.bing.com/images/search?q=Bayes+theorem+diagram+probability+prior+posterior+likelihood+Bayes+theorem+probability+inference+diagram+%E5%B8%B8%E8%A7%81%E5%85%88%E9%AA%8C%E5%88%86%E5%B8%83,https://tse1.mm.bing.net/th?q=Bayes+theorem+diagram+probability+prior+posterior+likelihood+Bayes+theorem+probability+inference+diagram+%E5%B8%B8%E8%A7%81%E5%85%88%E9%AA%8C%E5%88%86%E5%B8%83&w=1600&h=900&c=7&rs=1&p=0,Bayes theorem diagram probability prior posterior likelihood Bayes theorem probability inference diagram 常见先验分布,unknown,unknown; copyright risk not checked,来源不明或版权未核验，需人工复核后再用于正式课件。,Bayes theorem diagram probability prior posterior likelihood Bayes theorem probability inference diagram,算法流程,algorithm_diagram,常见先验分布的教学示意图,底部横向流程图,assets/downloaded/ch01/text1_loose/ch01_s015_r1_bayes-theorem-diagram-probability-prior-post.jpg,loose mode; duplicate by SHA256; source and copyright not verified
ch03,第3章_贝叶斯定理与概率思维_100页_Marp.md,33,3.2.5 似然：数据如何支持参数,yes,1,reused_duplicate,E:\machine_learning\markdown\AI-BigData-Course-Add-Figs-0\assets\downloaded\ch01\text1_loose\ch01_s015_r1_bayes-theorem-diagram-probability-prior-post.jpg,assets/downloaded/ch01/text1_loose/ch01_s015_r1_bayes-theorem-diagram-probability-prior-post.jpg,ch01_s015_r1_bayes-theorem-diagram-probability-prior-post.jpg,.jpg,69767,,,059585fe1782810380923e3127f3828ed477ea1db44329dbfde401c6ea3843d7,https://www.bing.com/images/search?q=Bayes+theorem+diagram+probability+prior+posterior+likelihood+Bayes+theorem+probability+inference+diagram+3.2.5+%E4%BC%BC%E7%84%B6%EF%BC%9A%E6%95%B0%E6%8D%AE%E5%A6%82%E4%BD%95%E6%94%AF%E6%8C%81%E5%8F%82%E6%95%B0,https://tse1.mm.bing.net/th?q=Bayes+theorem+diagram+probability+prior+posterior+likelihood+Bayes+theorem+probability+inference+diagram+3.2.5+%E4%BC%BC%E7%84%B6%EF%BC%9A%E6%95%B0%E6%8D%AE%E5%A6%82%E4%BD%95%E6%94%AF%E6%8C%81%E5%8F%82%E6%95%B0&w=1600&h=900&c=7&rs=1&p=0,Bayes theorem diagram probability prior posterior likelihood Bayes theorem probability inference diagram 3.2.5 似然：数据如何支持参数,unknown,unknown; copyright risk not checked,来源不明或版权未核验，需人工复核后再用于正式课件。,Bayes theorem diagram probability prior posterior likelihood Bayes theorem probability inference diagram,算法流程,algorithm_diagram,3.2.5 似然：数据如何支持参数的教学示意图,底部横向流程图,assets/downloaded/ch01/text1_loose/ch01_s015_r1_bayes-theorem-diagram-probability-prior-post.jpg,loose mode; duplicate by SHA256; source and copyright not verified
ch03,第3章_贝叶斯定理与概率思维_100页_Marp.md,34,例2：正态误差下的回归似然,yes,1,reused_duplicate,E:\machine_learning\markdown\AI-BigData-Course-Add-Figs-0\assets\downloaded\ch01\text1_loose\ch01_s015_r1_bayes-theorem-diagram-probability-prior-post.jpg,assets/downloaded/ch01/text1_loose/ch01_s015_r1_bayes-theorem-diagram-probability-prior-post.jpg,ch01_s015_r1_bayes-theorem-diagram-probability-prior-post.jpg,.jpg,69767,,,059585fe1782810380923e3127f3828ed477ea1db44329dbfde401c6ea3843d7,https://www.bing.com/images/search?q=Bayes+theorem+diagram+probability+prior+posterior+likelihood+Bayes+theorem+probability+inference+diagram+%E4%BE%8B2%EF%BC%9A%E6%AD%A3%E6%80%81%E8%AF%AF%E5%B7%AE%E4%B8%8B%E7%9A%84%E5%9B%9E%E5%BD%92%E4%BC%BC%E7%84%B6,https://tse1.mm.bing.net/th?q=Bayes+theorem+diagram+probability+prior+posterior+likelihood+Bayes+theorem+probability+inference+diagram+%E4%BE%8B2%EF%BC%9A%E6%AD%A3%E6%80%81%E8%AF%AF%E5%B7%AE%E4%B8%8B%E7%9A%84%E5%9B%9E%E5%BD%92%E4%BC%BC%E7%84%B6&w=1600&h=900&c=7&rs=1&p=0,Bayes theorem diagram probability prior posterior likelihood Bayes theorem probability inference diagram 例2：正态误差下的回归似然,unknown,unknown; copyright risk not checked,来源不明或版权未核验，需人工复核后再用于正式课件。,Bayes theorem diagram probability prior posterior likelihood Bayes theorem probability inference diagram,算法流程,algorithm_diagram,例2：正态误差下的回归似然的教学示意图,底部横向流程图,assets/downloaded/ch01/text1_loose/ch01_s015_r1_bayes-theorem-diagram-probability-prior-post.jpg,loose mode; duplicate by SHA256; source and copyright not verified
ch03,第3章_贝叶斯定理与概率思维_100页_Marp.md,35,对数似然与平方误差,yes,1,reused_duplicate,E:\machine_learning\markdown\AI-BigData-Course-Add-Figs-0\assets\downloaded\ch01\text1_loose\ch01_s015_r1_bayes-theorem-diagram-probability-prior-post.jpg,assets/downloaded/ch01/text1_loose/ch01_s015_r1_bayes-theorem-diagram-probability-prior-post.jpg,ch01_s015_r1_bayes-theorem-diagram-probability-prior-post.jpg,.jpg,69767,,,059585fe1782810380923e3127f3828ed477ea1db44329dbfde401c6ea3843d7,https://www.bing.com/images/search?q=Bayes+theorem+diagram+probability+prior+posterior+likelihood+Bayes+theorem+probability+inference+diagram+%E5%AF%B9%E6%95%B0%E4%BC%BC%E7%84%B6%E4%B8%8E%E5%B9%B3%E6%96%B9%E8%AF%AF%E5%B7%AE,https://tse1.mm.bing.net/th?q=Bayes+theorem+diagram+probability+prior+posterior+likelihood+Bayes+theorem+probability+inference+diagram+%E5%AF%B9%E6%95%B0%E4%BC%BC%E7%84%B6%E4%B8%8E%E5%B9%B3%E6%96%B9%E8%AF%AF%E5%B7%AE&w=1600&h=900&c=7&rs=1&p=0,Bayes theorem diagram probability prior posterior likelihood Bayes theorem probability inference diagram 对数似然与平方误差,unknown,unknown; copyright risk not checked,来源不明或版权未核验，需人工复核后再用于正式课件。,Bayes theorem diagram probability prior posterior likelihood Bayes theorem probability inference diagram,算法流程,algorithm_diagram,对数似然与平方误差的教学示意图,底部横向流程图,assets/downloaded/ch01/text1_loose/ch01_s015_r1_bayes-theorem-diagram-probability-prior-post.jpg,loose mode; duplicate by SHA256; source and copyright not verified
ch03,第3章_贝叶斯定理与概率思维_100页_Marp.md,36,3.2.6 证据：为什么需要归一化？,yes,1,reused_duplicate,E:\machine_learning\markdown\AI-BigData-Course-Add-Figs-0\assets\downloaded\ch01\text1_loose\ch01_s015_r1_bayes-theorem-diagram-probability-prior-post.jpg,assets/downloaded/ch01/text1_loose/ch01_s015_r1_bayes-theorem-diagram-probability-prior-post.jpg,ch01_s015_r1_bayes-theorem-diagram-probability-prior-post.jpg,.jpg,69767,,,059585fe1782810380923e3127f3828ed477ea1db44329dbfde401c6ea3843d7,https://www.bing.com/images/search?q=Bayes+theorem+diagram+probability+prior+posterior+likelihood+Bayes+theorem+probability+inference+diagram+3.2.6+%E8%AF%81%E6%8D%AE%EF%BC%9A%E4%B8%BA%E4%BB%80%E4%B9%88%E9%9C%80%E8%A6%81%E5%BD%92%E4%B8%80%E5%8C%96%EF%BC%9F,https://tse1.mm.bing.net/th?q=Bayes+theorem+diagram+probability+prior+posterior+likelihood+Bayes+theorem+probability+inference+diagram+3.2.6+%E8%AF%81%E6%8D%AE%EF%BC%9A%E4%B8%BA%E4%BB%80%E4%B9%88%E9%9C%80%E8%A6%81%E5%BD%92%E4%B8%80%E5%8C%96%EF%BC%9F&w=1600&h=900&c=7&rs=1&p=0,Bayes theorem diagram probability prior posterior likelihood Bayes theorem probability inference diagram 3.2.6 证据：为什么需要归一化？,unknown,unknown; copyright risk not checked,来源不明或版权未核验，需人工复核后再用于正式课件。,Bayes theorem diagram probability prior posterior likelihood Bayes theorem probability inference diagram,算法流程,algorithm_diagram,3.2.6 证据：为什么需要归一化？的教学示意图,底部横向流程图,assets/downloaded/ch01/text1_loose/ch01_s015_r1_bayes-theorem-diagram-probability-prior-post.jpg,loose mode; duplicate by SHA256; source and copyright not verified
ch03,第3章_贝叶斯定理与概率思维_100页_Marp.md,37,3.2.7 后验：更新后的完整认识,yes,1,reused_duplicate,E:\machine_learning\markdown\AI-BigData-Course-Add-Figs-0\assets\downloaded\ch02\text1_loose\ch02_s088_r1_bayes-theorem-diagram-probability-prior-post.jpg,assets/downloaded/ch02/text1_loose/ch02_s088_r1_bayes-theorem-diagram-probability-prior-post.jpg,ch02_s088_r1_bayes-theorem-diagram-probability-prior-post.jpg,.jpg,66772,,,7ba7cec7cae1d336297988bf6430058ca8db2a88f8f99a8e7607c9120ecdd0aa,https://www.bing.com/images/search?q=Bayes+theorem+diagram+probability+prior+posterior+likelihood+Bayes+theorem+probability+inference+diagram+3.2.7+%E5%90%8E%E9%AA%8C%EF%BC%9A%E6%9B%B4%E6%96%B0%E5%90%8E%E7%9A%84%E5%AE%8C%E6%95%B4%E8%AE%A4%E8%AF%86,https://tse1.mm.bing.net/th?q=Bayes+theorem+diagram+probability+prior+posterior+likelihood+Bayes+theorem+probability+inference+diagram+3.2.7+%E5%90%8E%E9%AA%8C%EF%BC%9A%E6%9B%B4%E6%96%B0%E5%90%8E%E7%9A%84%E5%AE%8C%E6%95%B4%E8%AE%A4%E8%AF%86&w=1600&h=900&c=7&rs=1&p=0,Bayes theorem diagram probability prior posterior likelihood Bayes theorem probability inference diagram 3.2.7 后验：更新后的完整认识,unknown,unknown; copyright risk not checked,来源不明或版权未核验，需人工复核后再用于正式课件。,Bayes theorem diagram probability prior posterior likelihood Bayes theorem probability inference diagram,算法流程,algorithm_diagram,3.2.7 后验：更新后的完整认识的教学示意图,底部横向流程图,assets/downloaded/ch02/text1_loose/ch02_s088_r1_bayes-theorem-diagram-probability-prior-post.jpg,loose mode; duplicate by SHA256; source and copyright not verified
ch03,第3章_贝叶斯定理与概率思维_100页_Marp.md,38,3.2.8 后验预测分布,yes,1,reused_duplicate,E:\machine_learning\markdown\AI-BigData-Course-Add-Figs-0\assets\downloaded\ch01\text1_loose\ch01_s015_r1_bayes-theorem-diagram-probability-prior-post.jpg,assets/downloaded/ch01/text1_loose/ch01_s015_r1_bayes-theorem-diagram-probability-prior-post.jpg,ch01_s015_r1_bayes-theorem-diagram-probability-prior-post.jpg,.jpg,69767,,,059585fe1782810380923e3127f3828ed477ea1db44329dbfde401c6ea3843d7,https://www.bing.com/images/search?q=Bayes+theorem+diagram+probability+prior+posterior+likelihood+Bayes+theorem+probability+inference+diagram+3.2.8+%E5%90%8E%E9%AA%8C%E9%A2%84%E6%B5%8B%E5%88%86%E5%B8%83,https://tse1.mm.bing.net/th?q=Bayes+theorem+diagram+probability+prior+posterior+likelihood+Bayes+theorem+probability+inference+diagram+3.2.8+%E5%90%8E%E9%AA%8C%E9%A2%84%E6%B5%8B%E5%88%86%E5%B8%83&w=1600&h=900&c=7&rs=1&p=0,Bayes theorem diagram probability prior posterior likelihood Bayes theorem probability inference diagram 3.2.8 后验预测分布,unknown,unknown; copyright risk not checked,来源不明或版权未核验，需人工复核后再用于正式课件。,Bayes theorem diagram probability prior posterior likelihood Bayes theorem probability inference diagram,算法流程,algorithm_diagram,3.2.8 后验预测分布的教学示意图,底部横向流程图,assets/downloaded/ch01/text1_loose/ch01_s015_r1_bayes-theorem-diagram-probability-prior-post.jpg,loose mode; duplicate by SHA256; source and copyright not verified
ch03,第3章_贝叶斯定理与概率思维_100页_Marp.md,39,贝叶斯流程图,yes,1,reused_duplicate,E:\machine_learning\markdown\AI-BigData-Course-Add-Figs-0\assets\downloaded\ch01\text1_loose\ch01_s015_r1_bayes-theorem-diagram-probability-prior-post.jpg,assets/downloaded/ch01/text1_loose/ch01_s015_r1_bayes-theorem-diagram-probability-prior-post.jpg,ch01_s015_r1_bayes-theorem-diagram-probability-prior-post.jpg,.jpg,69767,,,059585fe1782810380923e3127f3828ed477ea1db44329dbfde401c6ea3843d7,https://www.bing.com/images/search?q=Bayes+theorem+diagram+probability+prior+posterior+likelihood+Bayes+theorem+probability+inference+diagram+%E8%B4%9D%E5%8F%B6%E6%96%AF%E6%B5%81%E7%A8%8B%E5%9B%BE,https://tse1.mm.bing.net/th?q=Bayes+theorem+diagram+probability+prior+posterior+likelihood+Bayes+theorem+probability+inference+diagram+%E8%B4%9D%E5%8F%B6%E6%96%AF%E6%B5%81%E7%A8%8B%E5%9B%BE&w=1600&h=900&c=7&rs=1&p=0,Bayes theorem diagram probability prior posterior likelihood Bayes theorem probability inference diagram 贝叶斯流程图,unknown,unknown; copyright risk not checked,来源不明或版权未核验，需人工复核后再用于正式课件。,Bayes theorem diagram probability prior posterior likelihood Bayes theorem probability inference diagram,算法流程,algorithm_diagram,贝叶斯流程图的教学示意图,底部横向流程图,assets/downloaded/ch01/text1_loose/ch01_s015_r1_bayes-theorem-diagram-probability-prior-post.jpg,loose mode; duplicate by SHA256; source and copyright not verified
ch03,第3章_贝叶斯定理与概率思维_100页_Marp.md,41,3.3 贝叶斯思想：从经验知识到数据更新,yes,1,reused_duplicate,E:\machine_learning\markdown\AI-BigData-Course-Add-Figs-0\assets\downloaded\ch02\text1_loose\ch02_s088_r1_bayes-theorem-diagram-probability-prior-post.jpg,assets/downloaded/ch02/text1_loose/ch02_s088_r1_bayes-theorem-diagram-probability-prior-post.jpg,ch02_s088_r1_bayes-theorem-diagram-probability-prior-post.jpg,.jpg,66772,,,7ba7cec7cae1d336297988bf6430058ca8db2a88f8f99a8e7607c9120ecdd0aa,https://www.bing.com/images/search?q=Bayes+theorem+diagram+probability+prior+posterior+likelihood+Bayes+theorem+probability+inference+diagram+3.3+%E8%B4%9D%E5%8F%B6%E6%96%AF%E6%80%9D%E6%83%B3%EF%BC%9A%E4%BB%8E%E7%BB%8F%E9%AA%8C%E7%9F%A5%E8%AF%86%E5%88%B0%E6%95%B0%E6%8D%AE%E6%9B%B4%E6%96%B0,https://tse1.mm.bing.net/th?q=Bayes+theorem+diagram+probability+prior+posterior+likelihood+Bayes+theorem+probability+inference+diagram+3.3+%E8%B4%9D%E5%8F%B6%E6%96%AF%E6%80%9D%E6%83%B3%EF%BC%9A%E4%BB%8E%E7%BB%8F%E9%AA%8C%E7%9F%A5%E8%AF%86%E5%88%B0%E6%95%B0%E6%8D%AE%E6%9B%B4%E6%96%B0&w=1600&h=900&c=7&rs=1&p=0,Bayes theorem diagram probability prior posterior likelihood Bayes theorem probability inference diagram 3.3 贝叶斯思想：从经验知识到数据更新,unknown,unknown; copyright risk not checked,来源不明或版权未核验，需人工复核后再用于正式课件。,Bayes theorem diagram probability prior posterior likelihood Bayes theorem probability inference diagram,算法流程,algorithm_diagram,3.3 贝叶斯思想：从经验知识到数据更新的教学示意图,底部横向流程图,assets/downloaded/ch02/text1_loose/ch02_s088_r1_bayes-theorem-diagram-probability-prior-post.jpg,loose mode; duplicate by SHA256; source and copyright not verified
ch03,第3章_贝叶斯定理与概率思维_100页_Marp.md,42,3.3.1 频率观点与贝叶斯观点,yes,1,reused_duplicate,E:\machine_learning\markdown\AI-BigData-Course-Add-Figs-0\assets\downloaded\ch02\text1_loose\ch02_s088_r1_bayes-theorem-diagram-probability-prior-post.jpg,assets/downloaded/ch02/text1_loose/ch02_s088_r1_bayes-theorem-diagram-probability-prior-post.jpg,ch02_s088_r1_bayes-theorem-diagram-probability-prior-post.jpg,.jpg,66772,,,7ba7cec7cae1d336297988bf6430058ca8db2a88f8f99a8e7607c9120ecdd0aa,https://www.bing.com/images/search?q=Bayes+theorem+diagram+probability+prior+posterior+likelihood+Bayes+theorem+probability+inference+diagram+3.3.1+%E9%A2%91%E7%8E%87%E8%A7%82%E7%82%B9%E4%B8%8E%E8%B4%9D%E5%8F%B6%E6%96%AF%E8%A7%82%E7%82%B9,https://tse1.mm.bing.net/th?q=Bayes+theorem+diagram+probability+prior+posterior+likelihood+Bayes+theorem+probability+inference+diagram+3.3.1+%E9%A2%91%E7%8E%87%E8%A7%82%E7%82%B9%E4%B8%8E%E8%B4%9D%E5%8F%B6%E6%96%AF%E8%A7%82%E7%82%B9&w=1600&h=900&c=7&rs=1&p=0,Bayes theorem diagram probability prior posterior likelihood Bayes theorem probability inference diagram 3.3.1 频率观点与贝叶斯观点,unknown,unknown; copyright risk not checked,来源不明或版权未核验，需人工复核后再用于正式课件。,Bayes theorem diagram probability prior posterior likelihood Bayes theorem probability inference diagram,算法流程,algorithm_diagram,3.3.1 频率观点与贝叶斯观点的教学示意图,底部横向流程图,assets/downloaded/ch02/text1_loose/ch02_s088_r1_bayes-theorem-diagram-probability-prior-post.jpg,loose mode; duplicate by SHA256; source and copyright not verified
ch03,第3章_贝叶斯定理与概率思维_100页_Marp.md,43,3.3.2 贝叶斯更新的核心思想,yes,1,reused_duplicate,E:\machine_learning\markdown\AI-BigData-Course-Add-Figs-0\assets\downloaded\ch02\text1_loose\ch02_s088_r1_bayes-theorem-diagram-probability-prior-post.jpg,assets/downloaded/ch02/text1_loose/ch02_s088_r1_bayes-theorem-diagram-probability-prior-post.jpg,ch02_s088_r1_bayes-theorem-diagram-probability-prior-post.jpg,.jpg,66772,,,7ba7cec7cae1d336297988bf6430058ca8db2a88f8f99a8e7607c9120ecdd0aa,https://www.bing.com/images/search?q=Bayes+theorem+diagram+probability+prior+posterior+likelihood+Bayes+theorem+probability+inference+diagram+3.3.2+%E8%B4%9D%E5%8F%B6%E6%96%AF%E6%9B%B4%E6%96%B0%E7%9A%84%E6%A0%B8%E5%BF%83%E6%80%9D%E6%83%B3,https://tse1.mm.bing.net/th?q=Bayes+theorem+diagram+probability+prior+posterior+likelihood+Bayes+theorem+probability+inference+diagram+3.3.2+%E8%B4%9D%E5%8F%B6%E6%96%AF%E6%9B%B4%E6%96%B0%E7%9A%84%E6%A0%B8%E5%BF%83%E6%80%9D%E6%83%B3&w=1600&h=900&c=7&rs=1&p=0,Bayes theorem diagram probability prior posterior likelihood Bayes theorem probability inference diagram 3.3.2 贝叶斯更新的核心思想,unknown,unknown; copyright risk not checked,来源不明或版权未核验，需人工复核后再用于正式课件。,Bayes theorem diagram probability prior posterior likelihood Bayes theorem probability inference diagram,算法流程,algorithm_diagram,3.3.2 贝叶斯更新的核心思想的教学示意图,底部横向流程图,assets/downloaded/ch02/text1_loose/ch02_s088_r1_bayes-theorem-diagram-probability-prior-post.jpg,loose mode; duplicate by SHA256; source and copyright not verified
ch03,第3章_贝叶斯定理与概率思维_100页_Marp.md,44,3.3.3 顺序更新：逐批实验的自然框架,yes,1,reused_duplicate,E:\machine_learning\markdown\AI-BigData-Course-Add-Figs-0\assets\downloaded\ch01\text1_loose\ch01_s015_r1_bayes-theorem-diagram-probability-prior-post.jpg,assets/downloaded/ch01/text1_loose/ch01_s015_r1_bayes-theorem-diagram-probability-prior-post.jpg,ch01_s015_r1_bayes-theorem-diagram-probability-prior-post.jpg,.jpg,69767,,,059585fe1782810380923e3127f3828ed477ea1db44329dbfde401c6ea3843d7,https://www.bing.com/images/search?q=Bayes+theorem+diagram+probability+prior+posterior+likelihood+Bayes+theorem+probability+inference+diagram+3.3.3+%E9%A1%BA%E5%BA%8F%E6%9B%B4%E6%96%B0%EF%BC%9A%E9%80%90%E6%89%B9%E5%AE%9E%E9%AA%8C%E7%9A%84%E8%87%AA%E7%84%B6%E6%A1%86%E6%9E%B6,https://tse1.mm.bing.net/th?q=Bayes+theorem+diagram+probability+prior+posterior+likelihood+Bayes+theorem+probability+inference+diagram+3.3.3+%E9%A1%BA%E5%BA%8F%E6%9B%B4%E6%96%B0%EF%BC%9A%E9%80%90%E6%89%B9%E5%AE%9E%E9%AA%8C%E7%9A%84%E8%87%AA%E7%84%B6%E6%A1%86%E6%9E%B6&w=1600&h=900&c=7&rs=1&p=0,Bayes theorem diagram probability prior posterior likelihood Bayes theorem probability inference diagram 3.3.3 顺序更新：逐批实验的自然框架,unknown,unknown; copyright risk not checked,来源不明或版权未核验，需人工复核后再用于正式课件。,Bayes theorem diagram probability prior posterior likelihood Bayes theorem probability inference diagram,算法流程,algorithm_diagram,3.3.3 顺序更新：逐批实验的自然框架的教学示意图,底部横向流程图,assets/downloaded/ch01/text1_loose/ch01_s015_r1_bayes-theorem-diagram-probability-prior-post.jpg,loose mode; duplicate by SHA256; source and copyright not verified
ch03,第3章_贝叶斯定理与概率思维_100页_Marp.md,45,例3：Beta-Binomial 缺陷率更新,yes,1,reused_duplicate,E:\machine_learning\markdown\AI-BigData-Course-Add-Figs-0\assets\downloaded\ch01\text1_loose\ch01_s015_r1_bayes-theorem-diagram-probability-prior-post.jpg,assets/downloaded/ch01/text1_loose/ch01_s015_r1_bayes-theorem-diagram-probability-prior-post.jpg,ch01_s015_r1_bayes-theorem-diagram-probability-prior-post.jpg,.jpg,69767,,,059585fe1782810380923e3127f3828ed477ea1db44329dbfde401c6ea3843d7,https://www.bing.com/images/search?q=Bayes+theorem+diagram+probability+prior+posterior+likelihood+Bayes+theorem+probability+inference+diagram+%E4%BE%8B3%EF%BC%9ABeta-Binomial+%E7%BC%BA%E9%99%B7%E7%8E%87%E6%9B%B4%E6%96%B0,https://tse1.mm.bing.net/th?q=Bayes+theorem+diagram+probability+prior+posterior+likelihood+Bayes+theorem+probability+inference+diagram+%E4%BE%8B3%EF%BC%9ABeta-Binomial+%E7%BC%BA%E9%99%B7%E7%8E%87%E6%9B%B4%E6%96%B0&w=1600&h=900&c=7&rs=1&p=0,Bayes theorem diagram probability prior posterior likelihood Bayes theorem probability inference diagram 例3：Beta-Binomial 缺陷率更新,unknown,unknown; copyright risk not checked,来源不明或版权未核验，需人工复核后再用于正式课件。,Bayes theorem diagram probability prior posterior likelihood Bayes theorem probability inference diagram,算法流程,algorithm_diagram,例3：Beta-Binomial 缺陷率更新的教学示意图,底部横向流程图,assets/downloaded/ch01/text1_loose/ch01_s015_r1_bayes-theorem-diagram-probability-prior-post.jpg,loose mode; duplicate by SHA256; source and copyright not verified
ch03,第3章_贝叶斯定理与概率思维_100页_Marp.md,46,Beta-Binomial 的后验更新,yes,1,reused_duplicate,E:\machine_learning\markdown\AI-BigData-Course-Add-Figs-0\assets\downloaded\ch01\text1_loose\ch01_s015_r1_bayes-theorem-diagram-probability-prior-post.jpg,assets/downloaded/ch01/text1_loose/ch01_s015_r1_bayes-theorem-diagram-probability-prior-post.jpg,ch01_s015_r1_bayes-theorem-diagram-probability-prior-post.jpg,.jpg,69767,,,059585fe1782810380923e3127f3828ed477ea1db44329dbfde401c6ea3843d7,https://www.bing.com/images/search?q=Bayes+theorem+diagram+probability+prior+posterior+likelihood+Bayes+theorem+probability+inference+diagram+Beta-Binomial+%E7%9A%84%E5%90%8E%E9%AA%8C%E6%9B%B4%E6%96%B0,https://tse1.mm.bing.net/th?q=Bayes+theorem+diagram+probability+prior+posterior+likelihood+Bayes+theorem+probability+inference+diagram+Beta-Binomial+%E7%9A%84%E5%90%8E%E9%AA%8C%E6%9B%B4%E6%96%B0&w=1600&h=900&c=7&rs=1&p=0,Bayes theorem diagram probability prior posterior likelihood Bayes theorem probability inference diagram Beta-Binomial 的后验更新,unknown,unknown; copyright risk not checked,来源不明或版权未核验，需人工复核后再用于正式课件。,Bayes theorem diagram probability prior posterior likelihood Bayes theorem probability inference diagram,算法流程,algorithm_diagram,Beta-Binomial 的后验更新的教学示意图,底部横向流程图,assets/downloaded/ch01/text1_loose/ch01_s015_r1_bayes-theorem-diagram-probability-prior-post.jpg,loose mode; duplicate by SHA256; source and copyright not verified
ch03,第3章_贝叶斯定理与概率思维_100页_Marp.md,47,Python案例：缺陷率贝叶斯更新,yes,1,reused_duplicate,E:\machine_learning\markdown\AI-BigData-Course-Add-Figs-0\assets\downloaded\ch02\text1_loose\ch02_s088_r1_bayes-theorem-diagram-probability-prior-post.jpg,assets/downloaded/ch02/text1_loose/ch02_s088_r1_bayes-theorem-diagram-probability-prior-post.jpg,ch02_s088_r1_bayes-theorem-diagram-probability-prior-post.jpg,.jpg,66772,,,7ba7cec7cae1d336297988bf6430058ca8db2a88f8f99a8e7607c9120ecdd0aa,https://www.bing.com/images/search?q=Bayes+theorem+diagram+probability+prior+posterior+likelihood+Bayes+theorem+probability+inference+diagram+Python%E6%A1%88%E4%BE%8B%EF%BC%9A%E7%BC%BA%E9%99%B7%E7%8E%87%E8%B4%9D%E5%8F%B6%E6%96%AF%E6%9B%B4%E6%96%B0,https://tse1.mm.bing.net/th?q=Bayes+theorem+diagram+probability+prior+posterior+likelihood+Bayes+theorem+probability+inference+diagram+Python%E6%A1%88%E4%BE%8B%EF%BC%9A%E7%BC%BA%E9%99%B7%E7%8E%87%E8%B4%9D%E5%8F%B6%E6%96%AF%E6%9B%B4%E6%96%B0&w=1600&h=900&c=7&rs=1&p=0,Bayes theorem diagram probability prior posterior likelihood Bayes theorem probability inference diagram Python案例：缺陷率贝叶斯更新,unknown,unknown; copyright risk not checked,来源不明或版权未核验，需人工复核后再用于正式课件。,Bayes theorem diagram probability prior posterior likelihood Bayes theorem probability inference diagram,算法流程,algorithm_diagram,Python案例：缺陷率贝叶斯更新的教学示意图,底部横向流程图,assets/downloaded/ch02/text1_loose/ch02_s088_r1_bayes-theorem-diagram-probability-prior-post.jpg,loose mode; duplicate by SHA256; source and copyright not verified
ch03,第3章_贝叶斯定理与概率思维_100页_Marp.md,48,代码结果如何解释？,yes,1,reused_duplicate,E:\machine_learning\markdown\AI-BigData-Course-Add-Figs-0\assets\downloaded\ch01\text1_loose\ch01_s015_r1_bayes-theorem-diagram-probability-prior-post.jpg,assets/downloaded/ch01/text1_loose/ch01_s015_r1_bayes-theorem-diagram-probability-prior-post.jpg,ch01_s015_r1_bayes-theorem-diagram-probability-prior-post.jpg,.jpg,69767,,,059585fe1782810380923e3127f3828ed477ea1db44329dbfde401c6ea3843d7,https://www.bing.com/images/search?q=Bayes+theorem+diagram+probability+prior+posterior+likelihood+Bayes+theorem+probability+inference+diagram+%E4%BB%A3%E7%A0%81%E7%BB%93%E6%9E%9C%E5%A6%82%E4%BD%95%E8%A7%A3%E9%87%8A%EF%BC%9F,https://tse1.mm.bing.net/th?q=Bayes+theorem+diagram+probability+prior+posterior+likelihood+Bayes+theorem+probability+inference+diagram+%E4%BB%A3%E7%A0%81%E7%BB%93%E6%9E%9C%E5%A6%82%E4%BD%95%E8%A7%A3%E9%87%8A%EF%BC%9F&w=1600&h=900&c=7&rs=1&p=0,Bayes theorem diagram probability prior posterior likelihood Bayes theorem probability inference diagram 代码结果如何解释？,unknown,unknown; copyright risk not checked,来源不明或版权未核验，需人工复核后再用于正式课件。,Bayes theorem diagram probability prior posterior likelihood Bayes theorem probability inference diagram,算法流程,algorithm_diagram,代码结果如何解释？的教学示意图,底部横向流程图,assets/downloaded/ch01/text1_loose/ch01_s015_r1_bayes-theorem-diagram-probability-prior-post.jpg,loose mode; duplicate by SHA256; source and copyright not verified
ch03,第3章_贝叶斯定理与概率思维_100页_Marp.md,49,3.3.4 先验强度：经验影响有多大？,yes,1,reused_duplicate,E:\machine_learning\markdown\AI-BigData-Course-Add-Figs-0\assets\downloaded\ch02\text1_loose\ch02_s088_r1_bayes-theorem-diagram-probability-prior-post.jpg,assets/downloaded/ch02/text1_loose/ch02_s088_r1_bayes-theorem-diagram-probability-prior-post.jpg,ch02_s088_r1_bayes-theorem-diagram-probability-prior-post.jpg,.jpg,66772,,,7ba7cec7cae1d336297988bf6430058ca8db2a88f8f99a8e7607c9120ecdd0aa,https://www.bing.com/images/search?q=Bayes+theorem+diagram+probability+prior+posterior+likelihood+Bayes+theorem+probability+inference+diagram+3.3.4+%E5%85%88%E9%AA%8C%E5%BC%BA%E5%BA%A6%EF%BC%9A%E7%BB%8F%E9%AA%8C%E5%BD%B1%E5%93%8D%E6%9C%89%E5%A4%9A%E5%A4%A7%EF%BC%9F,https://tse1.mm.bing.net/th?q=Bayes+theorem+diagram+probability+prior+posterior+likelihood+Bayes+theorem+probability+inference+diagram+3.3.4+%E5%85%88%E9%AA%8C%E5%BC%BA%E5%BA%A6%EF%BC%9A%E7%BB%8F%E9%AA%8C%E5%BD%B1%E5%93%8D%E6%9C%89%E5%A4%9A%E5%A4%A7%EF%BC%9F&w=1600&h=900&c=7&rs=1&p=0,Bayes theorem diagram probability prior posterior likelihood Bayes theorem probability inference diagram 3.3.4 先验强度：经验影响有多大？,unknown,unknown; copyright risk not checked,来源不明或版权未核验，需人工复核后再用于正式课件。,Bayes theorem diagram probability prior posterior likelihood Bayes theorem probability inference diagram,算法流程,algorithm_diagram,3.3.4 先验强度：经验影响有多大？的教学示意图,底部横向流程图,assets/downloaded/ch02/text1_loose/ch02_s088_r1_bayes-theorem-diagram-probability-prior-post.jpg,loose mode; duplicate by SHA256; source and copyright not verified
ch03,第3章_贝叶斯定理与概率思维_100页_Marp.md,50,3.3.5 先验敏感性分析,yes,1,reused_duplicate,E:\machine_learning\markdown\AI-BigData-Course-Add-Figs-0\assets\downloaded\ch01\text1_loose\ch01_s015_r1_bayes-theorem-diagram-probability-prior-post.jpg,assets/downloaded/ch01/text1_loose/ch01_s015_r1_bayes-theorem-diagram-probability-prior-post.jpg,ch01_s015_r1_bayes-theorem-diagram-probability-prior-post.jpg,.jpg,69767,,,059585fe1782810380923e3127f3828ed477ea1db44329dbfde401c6ea3843d7,https://www.bing.com/images/search?q=Bayes+theorem+diagram+probability+prior+posterior+likelihood+Bayes+theorem+probability+inference+diagram+3.3.5+%E5%85%88%E9%AA%8C%E6%95%8F%E6%84%9F%E6%80%A7%E5%88%86%E6%9E%90,https://tse1.mm.bing.net/th?q=Bayes+theorem+diagram+probability+prior+posterior+likelihood+Bayes+theorem+probability+inference+diagram+3.3.5+%E5%85%88%E9%AA%8C%E6%95%8F%E6%84%9F%E6%80%A7%E5%88%86%E6%9E%90&w=1600&h=900&c=7&rs=1&p=0,Bayes theorem diagram probability prior posterior likelihood Bayes theorem probability inference diagram 3.3.5 先验敏感性分析,unknown,unknown; copyright risk not checked,来源不明或版权未核验，需人工复核后再用于正式课件。,Bayes theorem diagram probability prior posterior likelihood Bayes theorem probability inference diagram,算法流程,algorithm_diagram,3.3.5 先验敏感性分析的教学示意图,底部横向流程图,assets/downloaded/ch01/text1_loose/ch01_s015_r1_bayes-theorem-diagram-probability-prior-post.jpg,loose mode; duplicate by SHA256; source and copyright not verified
ch03,第3章_贝叶斯定理与概率思维_100页_Marp.md,51,3.3.6 贝叶斯不是“用经验压倒数据”,yes,1,reused_duplicate,E:\machine_learning\markdown\AI-BigData-Course-Add-Figs-0\assets\downloaded\ch01\text1_loose\ch01_s015_r1_bayes-theorem-diagram-probability-prior-post.jpg,assets/downloaded/ch01/text1_loose/ch01_s015_r1_bayes-theorem-diagram-probability-prior-post.jpg,ch01_s015_r1_bayes-theorem-diagram-probability-prior-post.jpg,.jpg,69767,,,059585fe1782810380923e3127f3828ed477ea1db44329dbfde401c6ea3843d7,https://www.bing.com/images/search?q=Bayes+theorem+diagram+probability+prior+posterior+likelihood+Bayes+theorem+probability+inference+diagram+3.3.6+%E8%B4%9D%E5%8F%B6%E6%96%AF%E4%B8%8D%E6%98%AF%E2%80%9C%E7%94%A8%E7%BB%8F%E9%AA%8C%E5%8E%8B%E5%80%92%E6%95%B0%E6%8D%AE%E2%80%9D,https://tse1.mm.bing.net/th?q=Bayes+theorem+diagram+probability+prior+posterior+likelihood+Bayes+theorem+probability+inference+diagram+3.3.6+%E8%B4%9D%E5%8F%B6%E6%96%AF%E4%B8%8D%E6%98%AF%E2%80%9C%E7%94%A8%E7%BB%8F%E9%AA%8C%E5%8E%8B%E5%80%92%E6%95%B0%E6%8D%AE%E2%80%9D&w=1600&h=900&c=7&rs=1&p=0,Bayes theorem diagram probability prior posterior likelihood Bayes theorem probability inference diagram 3.3.6 贝叶斯不是“用经验压倒数据”,unknown,unknown; copyright risk not checked,来源不明或版权未核验，需人工复核后再用于正式课件。,Bayes theorem diagram probability prior posterior likelihood Bayes theorem probability inference diagram,算法流程,algorithm_diagram,3.3.6 贝叶斯不是“用经验压倒数据”的教学示意图,底部横向流程图,assets/downloaded/ch01/text1_loose/ch01_s015_r1_bayes-theorem-diagram-probability-prior-post.jpg,loose mode; duplicate by SHA256; source and copyright not verified
ch03,第3章_贝叶斯定理与概率思维_100页_Marp.md,52,3.3.7 材料研究中的经验知识类型,yes,1,reused_duplicate,E:\machine_learning\markdown\AI-BigData-Course-Add-Figs-0\assets\downloaded\ch02\text1_loose\ch02_s088_r1_bayes-theorem-diagram-probability-prior-post.jpg,assets/downloaded/ch02/text1_loose/ch02_s088_r1_bayes-theorem-diagram-probability-prior-post.jpg,ch02_s088_r1_bayes-theorem-diagram-probability-prior-post.jpg,.jpg,66772,,,7ba7cec7cae1d336297988bf6430058ca8db2a88f8f99a8e7607c9120ecdd0aa,https://www.bing.com/images/search?q=Bayes+theorem+diagram+probability+prior+posterior+likelihood+Bayes+theorem+probability+inference+diagram+3.3.7+%E6%9D%90%E6%96%99%E7%A0%94%E7%A9%B6%E4%B8%AD%E7%9A%84%E7%BB%8F%E9%AA%8C%E7%9F%A5%E8%AF%86%E7%B1%BB%E5%9E%8B,https://tse1.mm.bing.net/th?q=Bayes+theorem+diagram+probability+prior+posterior+likelihood+Bayes+theorem+probability+inference+diagram+3.3.7+%E6%9D%90%E6%96%99%E7%A0%94%E7%A9%B6%E4%B8%AD%E7%9A%84%E7%BB%8F%E9%AA%8C%E7%9F%A5%E8%AF%86%E7%B1%BB%E5%9E%8B&w=1600&h=900&c=7&rs=1&p=0,Bayes theorem diagram probability prior posterior likelihood Bayes theorem probability inference diagram 3.3.7 材料研究中的经验知识类型,unknown,unknown; copyright risk not checked,来源不明或版权未核验，需人工复核后再用于正式课件。,Bayes theorem diagram probability prior posterior likelihood Bayes theorem probability inference diagram,算法流程,algorithm_diagram,3.3.7 材料研究中的经验知识类型的教学示意图,底部横向流程图,assets/downloaded/ch02/text1_loose/ch02_s088_r1_bayes-theorem-diagram-probability-prior-post.jpg,loose mode; duplicate by SHA256; source and copyright not verified
ch03,第3章_贝叶斯定理与概率思维_100页_Marp.md,53,3.3.8 材料案例：合金强度经验先验,yes,1,reused_duplicate,E:\machine_learning\markdown\AI-BigData-Course-Add-Figs-0\assets\downloaded\ch01\text1_loose\ch01_s015_r1_bayes-theorem-diagram-probability-prior-post.jpg,assets/downloaded/ch01/text1_loose/ch01_s015_r1_bayes-theorem-diagram-probability-prior-post.jpg,ch01_s015_r1_bayes-theorem-diagram-probability-prior-post.jpg,.jpg,69767,,,059585fe1782810380923e3127f3828ed477ea1db44329dbfde401c6ea3843d7,https://www.bing.com/images/search?q=Bayes+theorem+diagram+probability+prior+posterior+likelihood+Bayes+theorem+probability+inference+diagram+3.3.8+%E6%9D%90%E6%96%99%E6%A1%88%E4%BE%8B%EF%BC%9A%E5%90%88%E9%87%91%E5%BC%BA%E5%BA%A6%E7%BB%8F%E9%AA%8C%E5%85%88%E9%AA%8C,https://tse1.mm.bing.net/th?q=Bayes+theorem+diagram+probability+prior+posterior+likelihood+Bayes+theorem+probability+inference+diagram+3.3.8+%E6%9D%90%E6%96%99%E6%A1%88%E4%BE%8B%EF%BC%9A%E5%90%88%E9%87%91%E5%BC%BA%E5%BA%A6%E7%BB%8F%E9%AA%8C%E5%85%88%E9%AA%8C&w=1600&h=900&c=7&rs=1&p=0,Bayes theorem diagram probability prior posterior likelihood Bayes theorem probability inference diagram 3.3.8 材料案例：合金强度经验先验,unknown,unknown; copyright risk not checked,来源不明或版权未核验，需人工复核后再用于正式课件。,Bayes theorem diagram probability prior posterior likelihood Bayes theorem probability inference diagram,算法流程,algorithm_diagram,3.3.8 材料案例：合金强度经验先验的教学示意图,底部横向流程图,assets/downloaded/ch01/text1_loose/ch01_s015_r1_bayes-theorem-diagram-probability-prior-post.jpg,loose mode; duplicate by SHA256; source and copyright not verified
ch03,第3章_贝叶斯定理与概率思维_100页_Marp.md,55,3.4 最大似然估计与最大后验估计,yes,1,reused_duplicate,E:\machine_learning\markdown\AI-BigData-Course-Add-Figs-0\assets\downloaded\ch01\text1_loose\ch01_s015_r1_bayes-theorem-diagram-probability-prior-post.jpg,assets/downloaded/ch01/text1_loose/ch01_s015_r1_bayes-theorem-diagram-probability-prior-post.jpg,ch01_s015_r1_bayes-theorem-diagram-probability-prior-post.jpg,.jpg,69767,,,059585fe1782810380923e3127f3828ed477ea1db44329dbfde401c6ea3843d7,https://www.bing.com/images/search?q=Bayes+theorem+diagram+probability+prior+posterior+likelihood+Bayes+theorem+probability+inference+diagram+3.4+%E6%9C%80%E5%A4%A7%E4%BC%BC%E7%84%B6%E4%BC%B0%E8%AE%A1%E4%B8%8E%E6%9C%80%E5%A4%A7%E5%90%8E%E9%AA%8C%E4%BC%B0%E8%AE%A1,https://tse1.mm.bing.net/th?q=Bayes+theorem+diagram+probability+prior+posterior+likelihood+Bayes+theorem+probability+inference+diagram+3.4+%E6%9C%80%E5%A4%A7%E4%BC%BC%E7%84%B6%E4%BC%B0%E8%AE%A1%E4%B8%8E%E6%9C%80%E5%A4%A7%E5%90%8E%E9%AA%8C%E4%BC%B0%E8%AE%A1&w=1600&h=900&c=7&rs=1&p=0,Bayes theorem diagram probability prior posterior likelihood Bayes theorem probability inference diagram 3.4 最大似然估计与最大后验估计,unknown,unknown; copyright risk not checked,来源不明或版权未核验，需人工复核后再用于正式课件。,Bayes theorem diagram probability prior posterior likelihood Bayes theorem probability inference diagram,算法流程,algorithm_diagram,3.4 最大似然估计与最大后验估计的教学示意图,底部横向流程图,assets/downloaded/ch01/text1_loose/ch01_s015_r1_bayes-theorem-diagram-probability-prior-post.jpg,loose mode; duplicate by SHA256; source and copyright not verified
ch03,第3章_贝叶斯定理与概率思维_100页_Marp.md,56,3.4.1 为什么需要点估计？,yes,1,reused_duplicate,E:\machine_learning\markdown\AI-BigData-Course-Add-Figs-0\assets\downloaded\ch01\text1_loose\ch01_s015_r1_bayes-theorem-diagram-probability-prior-post.jpg,assets/downloaded/ch01/text1_loose/ch01_s015_r1_bayes-theorem-diagram-probability-prior-post.jpg,ch01_s015_r1_bayes-theorem-diagram-probability-prior-post.jpg,.jpg,69767,,,059585fe1782810380923e3127f3828ed477ea1db44329dbfde401c6ea3843d7,https://www.bing.com/images/search?q=Bayes+theorem+diagram+probability+prior+posterior+likelihood+Bayes+theorem+probability+inference+diagram+3.4.1+%E4%B8%BA%E4%BB%80%E4%B9%88%E9%9C%80%E8%A6%81%E7%82%B9%E4%BC%B0%E8%AE%A1%EF%BC%9F,https://tse1.mm.bing.net/th?q=Bayes+theorem+diagram+probability+prior+posterior+likelihood+Bayes+theorem+probability+inference+diagram+3.4.1+%E4%B8%BA%E4%BB%80%E4%B9%88%E9%9C%80%E8%A6%81%E7%82%B9%E4%BC%B0%E8%AE%A1%EF%BC%9F&w=1600&h=900&c=7&rs=1&p=0,Bayes theorem diagram probability prior posterior likelihood Bayes theorem probability inference diagram 3.4.1 为什么需要点估计？,unknown,unknown; copyright risk not checked,来源不明或版权未核验，需人工复核后再用于正式课件。,Bayes theorem diagram probability prior posterior likelihood Bayes theorem probability inference diagram,算法流程,algorithm_diagram,3.4.1 为什么需要点估计？的教学示意图,底部横向流程图,assets/downloaded/ch01/text1_loose/ch01_s015_r1_bayes-theorem-diagram-probability-prior-post.jpg,loose mode; duplicate by SHA256; source and copyright not verified
ch03,第3章_贝叶斯定理与概率思维_100页_Marp.md,57,3.4.2 最大似然估计 MLE,yes,1,reused_duplicate,E:\machine_learning\markdown\AI-BigData-Course-Add-Figs-0\assets\downloaded\ch01\text1_loose\ch01_s015_r1_bayes-theorem-diagram-probability-prior-post.jpg,assets/downloaded/ch01/text1_loose/ch01_s015_r1_bayes-theorem-diagram-probability-prior-post.jpg,ch01_s015_r1_bayes-theorem-diagram-probability-prior-post.jpg,.jpg,69767,,,059585fe1782810380923e3127f3828ed477ea1db44329dbfde401c6ea3843d7,https://www.bing.com/images/search?q=Bayes+theorem+diagram+probability+prior+posterior+likelihood+Bayes+theorem+probability+inference+diagram+3.4.2+%E6%9C%80%E5%A4%A7%E4%BC%BC%E7%84%B6%E4%BC%B0%E8%AE%A1+MLE,https://tse1.mm.bing.net/th?q=Bayes+theorem+diagram+probability+prior+posterior+likelihood+Bayes+theorem+probability+inference+diagram+3.4.2+%E6%9C%80%E5%A4%A7%E4%BC%BC%E7%84%B6%E4%BC%B0%E8%AE%A1+MLE&w=1600&h=900&c=7&rs=1&p=0,Bayes theorem diagram probability prior posterior likelihood Bayes theorem probability inference diagram 3.4.2 最大似然估计 MLE,unknown,unknown; copyright risk not checked,来源不明或版权未核验，需人工复核后再用于正式课件。,Bayes theorem diagram probability prior posterior likelihood Bayes theorem probability inference diagram,算法流程,algorithm_diagram,3.4.2 最大似然估计 MLE的教学示意图,底部横向流程图,assets/downloaded/ch01/text1_loose/ch01_s015_r1_bayes-theorem-diagram-probability-prior-post.jpg,loose mode; duplicate by SHA256; source and copyright not verified
ch03,第3章_贝叶斯定理与概率思维_100页_Marp.md,58,MLE 的直观解释,yes,1,reused_duplicate,E:\machine_learning\markdown\AI-BigData-Course-Add-Figs-0\assets\downloaded\ch01\text1_loose\ch01_s015_r1_bayes-theorem-diagram-probability-prior-post.jpg,assets/downloaded/ch01/text1_loose/ch01_s015_r1_bayes-theorem-diagram-probability-prior-post.jpg,ch01_s015_r1_bayes-theorem-diagram-probability-prior-post.jpg,.jpg,69767,,,059585fe1782810380923e3127f3828ed477ea1db44329dbfde401c6ea3843d7,https://www.bing.com/images/search?q=Bayes+theorem+diagram+probability+prior+posterior+likelihood+Bayes+theorem+probability+inference+diagram+MLE+%E7%9A%84%E7%9B%B4%E8%A7%82%E8%A7%A3%E9%87%8A,https://tse1.mm.bing.net/th?q=Bayes+theorem+diagram+probability+prior+posterior+likelihood+Bayes+theorem+probability+inference+diagram+MLE+%E7%9A%84%E7%9B%B4%E8%A7%82%E8%A7%A3%E9%87%8A&w=1600&h=900&c=7&rs=1&p=0,Bayes theorem diagram probability prior posterior likelihood Bayes theorem probability inference diagram MLE 的直观解释,unknown,unknown; copyright risk not checked,来源不明或版权未核验，需人工复核后再用于正式课件。,Bayes theorem diagram probability prior posterior likelihood Bayes theorem probability inference diagram,算法流程,algorithm_diagram,MLE 的直观解释的教学示意图,底部横向流程图,assets/downloaded/ch01/text1_loose/ch01_s015_r1_bayes-theorem-diagram-probability-prior-post.jpg,loose mode; duplicate by SHA256; source and copyright not verified
ch03,第3章_贝叶斯定理与概率思维_100页_Marp.md,59,例4：正态均值的 MLE,yes,1,reused_duplicate,E:\machine_learning\markdown\AI-BigData-Course-Add-Figs-0\assets\downloaded\ch01\text1_loose\ch01_s015_r1_bayes-theorem-diagram-probability-prior-post.jpg,assets/downloaded/ch01/text1_loose/ch01_s015_r1_bayes-theorem-diagram-probability-prior-post.jpg,ch01_s015_r1_bayes-theorem-diagram-probability-prior-post.jpg,.jpg,69767,,,059585fe1782810380923e3127f3828ed477ea1db44329dbfde401c6ea3843d7,https://www.bing.com/images/search?q=Bayes+theorem+diagram+probability+prior+posterior+likelihood+Bayes+theorem+probability+inference+diagram+%E4%BE%8B4%EF%BC%9A%E6%AD%A3%E6%80%81%E5%9D%87%E5%80%BC%E7%9A%84+MLE,https://tse1.mm.bing.net/th?q=Bayes+theorem+diagram+probability+prior+posterior+likelihood+Bayes+theorem+probability+inference+diagram+%E4%BE%8B4%EF%BC%9A%E6%AD%A3%E6%80%81%E5%9D%87%E5%80%BC%E7%9A%84+MLE&w=1600&h=900&c=7&rs=1&p=0,Bayes theorem diagram probability prior posterior likelihood Bayes theorem probability inference diagram 例4：正态均值的 MLE,unknown,unknown; copyright risk not checked,来源不明或版权未核验，需人工复核后再用于正式课件。,Bayes theorem diagram probability prior posterior likelihood Bayes theorem probability inference diagram,算法流程,algorithm_diagram,例4：正态均值的 MLE的教学示意图,底部横向流程图,assets/downloaded/ch01/text1_loose/ch01_s015_r1_bayes-theorem-diagram-probability-prior-post.jpg,loose mode; duplicate by SHA256; source and copyright not verified
ch03,第3章_贝叶斯定理与概率思维_100页_Marp.md,61,3.4.3 最大后验估计 MAP,yes,1,reused_duplicate,E:\machine_learning\markdown\AI-BigData-Course-Add-Figs-0\assets\downloaded\ch01\text1_loose\ch01_s015_r1_bayes-theorem-diagram-probability-prior-post.jpg,assets/downloaded/ch01/text1_loose/ch01_s015_r1_bayes-theorem-diagram-probability-prior-post.jpg,ch01_s015_r1_bayes-theorem-diagram-probability-prior-post.jpg,.jpg,69767,,,059585fe1782810380923e3127f3828ed477ea1db44329dbfde401c6ea3843d7,https://www.bing.com/images/search?q=Bayes+theorem+diagram+probability+prior+posterior+likelihood+Bayes+theorem+probability+inference+diagram+3.4.3+%E6%9C%80%E5%A4%A7%E5%90%8E%E9%AA%8C%E4%BC%B0%E8%AE%A1+MAP,https://tse1.mm.bing.net/th?q=Bayes+theorem+diagram+probability+prior+posterior+likelihood+Bayes+theorem+probability+inference+diagram+3.4.3+%E6%9C%80%E5%A4%A7%E5%90%8E%E9%AA%8C%E4%BC%B0%E8%AE%A1+MAP&w=1600&h=900&c=7&rs=1&p=0,Bayes theorem diagram probability prior posterior likelihood Bayes theorem probability inference diagram 3.4.3 最大后验估计 MAP,unknown,unknown; copyright risk not checked,来源不明或版权未核验，需人工复核后再用于正式课件。,Bayes theorem diagram probability prior posterior likelihood Bayes theorem probability inference diagram,算法流程,algorithm_diagram,3.4.3 最大后验估计 MAP的教学示意图,底部横向流程图,assets/downloaded/ch01/text1_loose/ch01_s015_r1_bayes-theorem-diagram-probability-prior-post.jpg,loose mode; duplicate by SHA256; source and copyright not verified
ch03,第3章_贝叶斯定理与概率思维_100页_Marp.md,62,MAP 的直观解释,yes,1,reused_duplicate,E:\machine_learning\markdown\AI-BigData-Course-Add-Figs-0\assets\downloaded\ch01\text1_loose\ch01_s015_r1_bayes-theorem-diagram-probability-prior-post.jpg,assets/downloaded/ch01/text1_loose/ch01_s015_r1_bayes-theorem-diagram-probability-prior-post.jpg,ch01_s015_r1_bayes-theorem-diagram-probability-prior-post.jpg,.jpg,69767,,,059585fe1782810380923e3127f3828ed477ea1db44329dbfde401c6ea3843d7,https://www.bing.com/images/search?q=Bayes+theorem+diagram+probability+prior+posterior+likelihood+Bayes+theorem+probability+inference+diagram+MAP+%E7%9A%84%E7%9B%B4%E8%A7%82%E8%A7%A3%E9%87%8A,https://tse1.mm.bing.net/th?q=Bayes+theorem+diagram+probability+prior+posterior+likelihood+Bayes+theorem+probability+inference+diagram+MAP+%E7%9A%84%E7%9B%B4%E8%A7%82%E8%A7%A3%E9%87%8A&w=1600&h=900&c=7&rs=1&p=0,Bayes theorem diagram probability prior posterior likelihood Bayes theorem probability inference diagram MAP 的直观解释,unknown,unknown; copyright risk not checked,来源不明或版权未核验，需人工复核后再用于正式课件。,Bayes theorem diagram probability prior posterior likelihood Bayes theorem probability inference diagram,算法流程,algorithm_diagram,MAP 的直观解释的教学示意图,底部横向流程图,assets/downloaded/ch01/text1_loose/ch01_s015_r1_bayes-theorem-diagram-probability-prior-post.jpg,loose mode; duplicate by SHA256; source and copyright not verified
ch03,第3章_贝叶斯定理与概率思维_100页_Marp.md,63,例5：正态先验下的 MAP,yes,1,reused_duplicate,E:\machine_learning\markdown\AI-BigData-Course-Add-Figs-0\assets\downloaded\ch02\text1_loose\ch02_s088_r1_bayes-theorem-diagram-probability-prior-post.jpg,assets/downloaded/ch02/text1_loose/ch02_s088_r1_bayes-theorem-diagram-probability-prior-post.jpg,ch02_s088_r1_bayes-theorem-diagram-probability-prior-post.jpg,.jpg,66772,,,7ba7cec7cae1d336297988bf6430058ca8db2a88f8f99a8e7607c9120ecdd0aa,https://www.bing.com/images/search?q=Bayes+theorem+diagram+probability+prior+posterior+likelihood+Bayes+theorem+probability+inference+diagram+%E4%BE%8B5%EF%BC%9A%E6%AD%A3%E6%80%81%E5%85%88%E9%AA%8C%E4%B8%8B%E7%9A%84+MAP,https://tse1.mm.bing.net/th?q=Bayes+theorem+diagram+probability+prior+posterior+likelihood+Bayes+theorem+probability+inference+diagram+%E4%BE%8B5%EF%BC%9A%E6%AD%A3%E6%80%81%E5%85%88%E9%AA%8C%E4%B8%8B%E7%9A%84+MAP&w=1600&h=900&c=7&rs=1&p=0,Bayes theorem diagram probability prior posterior likelihood Bayes theorem probability inference diagram 例5：正态先验下的 MAP,unknown,unknown; copyright risk not checked,来源不明或版权未核验，需人工复核后再用于正式课件。,Bayes theorem diagram probability prior posterior likelihood Bayes theorem probability inference diagram,算法流程,algorithm_diagram,例5：正态先验下的 MAP的教学示意图,底部横向流程图,assets/downloaded/ch02/text1_loose/ch02_s088_r1_bayes-theorem-diagram-probability-prior-post.jpg,loose mode; duplicate by SHA256; source and copyright not verified
ch03,第3章_贝叶斯定理与概率思维_100页_Marp.md,64,正态均值 MAP 结果,yes,1,reused_duplicate,E:\machine_learning\markdown\AI-BigData-Course-Add-Figs-0\assets\downloaded\ch01\text1_loose\ch01_s015_r1_bayes-theorem-diagram-probability-prior-post.jpg,assets/downloaded/ch01/text1_loose/ch01_s015_r1_bayes-theorem-diagram-probability-prior-post.jpg,ch01_s015_r1_bayes-theorem-diagram-probability-prior-post.jpg,.jpg,69767,,,059585fe1782810380923e3127f3828ed477ea1db44329dbfde401c6ea3843d7,https://www.bing.com/images/search?q=Bayes+theorem+diagram+probability+prior+posterior+likelihood+Bayes+theorem+probability+inference+diagram+%E6%AD%A3%E6%80%81%E5%9D%87%E5%80%BC+MAP+%E7%BB%93%E6%9E%9C,https://tse1.mm.bing.net/th?q=Bayes+theorem+diagram+probability+prior+posterior+likelihood+Bayes+theorem+probability+inference+diagram+%E6%AD%A3%E6%80%81%E5%9D%87%E5%80%BC+MAP+%E7%BB%93%E6%9E%9C&w=1600&h=900&c=7&rs=1&p=0,Bayes theorem diagram probability prior posterior likelihood Bayes theorem probability inference diagram 正态均值 MAP 结果,unknown,unknown; copyright risk not checked,来源不明或版权未核验，需人工复核后再用于正式课件。,Bayes theorem diagram probability prior posterior likelihood Bayes theorem probability inference diagram,算法流程,algorithm_diagram,正态均值 MAP 结果的教学示意图,底部横向流程图,assets/downloaded/ch01/text1_loose/ch01_s015_r1_bayes-theorem-diagram-probability-prior-post.jpg,loose mode; duplicate by SHA256; source and copyright not verified
ch03,第3章_贝叶斯定理与概率思维_100页_Marp.md,65,MAP 是加权平均,yes,1,reused_duplicate,E:\machine_learning\markdown\AI-BigData-Course-Add-Figs-0\assets\downloaded\ch01\text1_loose\ch01_s015_r1_bayes-theorem-diagram-probability-prior-post.jpg,assets/downloaded/ch01/text1_loose/ch01_s015_r1_bayes-theorem-diagram-probability-prior-post.jpg,ch01_s015_r1_bayes-theorem-diagram-probability-prior-post.jpg,.jpg,69767,,,059585fe1782810380923e3127f3828ed477ea1db44329dbfde401c6ea3843d7,https://www.bing.com/images/search?q=Bayes+theorem+diagram+probability+prior+posterior+likelihood+Bayes+theorem+probability+inference+diagram+MAP+%E6%98%AF%E5%8A%A0%E6%9D%83%E5%B9%B3%E5%9D%87,https://tse1.mm.bing.net/th?q=Bayes+theorem+diagram+probability+prior+posterior+likelihood+Bayes+theorem+probability+inference+diagram+MAP+%E6%98%AF%E5%8A%A0%E6%9D%83%E5%B9%B3%E5%9D%87&w=1600&h=900&c=7&rs=1&p=0,Bayes theorem diagram probability prior posterior likelihood Bayes theorem probability inference diagram MAP 是加权平均,unknown,unknown; copyright risk not checked,来源不明或版权未核验，需人工复核后再用于正式课件。,Bayes theorem diagram probability prior posterior likelihood Bayes theorem probability inference diagram,算法流程,algorithm_diagram,MAP 是加权平均的教学示意图,底部横向流程图,assets/downloaded/ch01/text1_loose/ch01_s015_r1_bayes-theorem-diagram-probability-prior-post.jpg,loose mode; duplicate by SHA256; source and copyright not verified
ch03,第3章_贝叶斯定理与概率思维_100页_Marp.md,66,3.4.4 MLE 与 MAP 的比较,yes,1,reused_duplicate,E:\machine_learning\markdown\AI-BigData-Course-Add-Figs-0\assets\downloaded\ch01\text1_loose\ch01_s015_r1_bayes-theorem-diagram-probability-prior-post.jpg,assets/downloaded/ch01/text1_loose/ch01_s015_r1_bayes-theorem-diagram-probability-prior-post.jpg,ch01_s015_r1_bayes-theorem-diagram-probability-prior-post.jpg,.jpg,69767,,,059585fe1782810380923e3127f3828ed477ea1db44329dbfde401c6ea3843d7,https://www.bing.com/images/search?q=Bayes+theorem+diagram+probability+prior+posterior+likelihood+Bayes+theorem+probability+inference+diagram+3.4.4+MLE+%E4%B8%8E+MAP+%E7%9A%84%E6%AF%94%E8%BE%83,https://tse1.mm.bing.net/th?q=Bayes+theorem+diagram+probability+prior+posterior+likelihood+Bayes+theorem+probability+inference+diagram+3.4.4+MLE+%E4%B8%8E+MAP+%E7%9A%84%E6%AF%94%E8%BE%83&w=1600&h=900&c=7&rs=1&p=0,Bayes theorem diagram probability prior posterior likelihood Bayes theorem probability inference diagram 3.4.4 MLE 与 MAP 的比较,unknown,unknown; copyright risk not checked,来源不明或版权未核验，需人工复核后再用于正式课件。,Bayes theorem diagram probability prior posterior likelihood Bayes theorem probability inference diagram,算法流程,algorithm_diagram,3.4.4 MLE 与 MAP 的比较的教学示意图,底部横向流程图,assets/downloaded/ch01/text1_loose/ch01_s015_r1_bayes-theorem-diagram-probability-prior-post.jpg,loose mode; duplicate by SHA256; source and copyright not verified
ch03,第3章_贝叶斯定理与概率思维_100页_Marp.md,67,3.4.5 MAP 与正则化,yes,1,reused_duplicate,E:\machine_learning\markdown\AI-BigData-Course-Add-Figs-0\assets\downloaded\ch01\text1_loose\ch01_s015_r1_bayes-theorem-diagram-probability-prior-post.jpg,assets/downloaded/ch01/text1_loose/ch01_s015_r1_bayes-theorem-diagram-probability-prior-post.jpg,ch01_s015_r1_bayes-theorem-diagram-probability-prior-post.jpg,.jpg,69767,,,059585fe1782810380923e3127f3828ed477ea1db44329dbfde401c6ea3843d7,https://www.bing.com/images/search?q=Bayes+theorem+diagram+probability+prior+posterior+likelihood+Bayes+theorem+probability+inference+diagram+3.4.5+MAP+%E4%B8%8E%E6%AD%A3%E5%88%99%E5%8C%96,https://tse1.mm.bing.net/th?q=Bayes+theorem+diagram+probability+prior+posterior+likelihood+Bayes+theorem+probability+inference+diagram+3.4.5+MAP+%E4%B8%8E%E6%AD%A3%E5%88%99%E5%8C%96&w=1600&h=900&c=7&rs=1&p=0,Bayes theorem diagram probability prior posterior likelihood Bayes theorem probability inference diagram 3.4.5 MAP 与正则化,unknown,unknown; copyright risk not checked,来源不明或版权未核验，需人工复核后再用于正式课件。,Bayes theorem diagram probability prior posterior likelihood Bayes theorem probability inference diagram,算法流程,algorithm_diagram,3.4.5 MAP 与正则化的教学示意图,底部横向流程图,assets/downloaded/ch01/text1_loose/ch01_s015_r1_bayes-theorem-diagram-probability-prior-post.jpg,loose mode; duplicate by SHA256; source and copyright not verified
ch03,第3章_贝叶斯定理与概率思维_100页_Marp.md,68,正则化的概率解释,yes,1,reused_duplicate,E:\machine_learning\markdown\AI-BigData-Course-Add-Figs-0\assets\downloaded\ch01\text1_loose\ch01_s015_r1_bayes-theorem-diagram-probability-prior-post.jpg,assets/downloaded/ch01/text1_loose/ch01_s015_r1_bayes-theorem-diagram-probability-prior-post.jpg,ch01_s015_r1_bayes-theorem-diagram-probability-prior-post.jpg,.jpg,69767,,,059585fe1782810380923e3127f3828ed477ea1db44329dbfde401c6ea3843d7,https://www.bing.com/images/search?q=Bayes+theorem+diagram+probability+prior+posterior+likelihood+Bayes+theorem+probability+inference+diagram+%E6%AD%A3%E5%88%99%E5%8C%96%E7%9A%84%E6%A6%82%E7%8E%87%E8%A7%A3%E9%87%8A,https://tse1.mm.bing.net/th?q=Bayes+theorem+diagram+probability+prior+posterior+likelihood+Bayes+theorem+probability+inference+diagram+%E6%AD%A3%E5%88%99%E5%8C%96%E7%9A%84%E6%A6%82%E7%8E%87%E8%A7%A3%E9%87%8A&w=1600&h=900&c=7&rs=1&p=0,Bayes theorem diagram probability prior posterior likelihood Bayes theorem probability inference diagram 正则化的概率解释,unknown,unknown; copyright risk not checked,来源不明或版权未核验，需人工复核后再用于正式课件。,Bayes theorem diagram probability prior posterior likelihood Bayes theorem probability inference diagram,算法流程,algorithm_diagram,正则化的概率解释的教学示意图,底部横向流程图,assets/downloaded/ch01/text1_loose/ch01_s015_r1_bayes-theorem-diagram-probability-prior-post.jpg,loose mode; duplicate by SHA256; source and copyright not verified
ch03,第3章_贝叶斯定理与概率思维_100页_Marp.md,69,Python案例：MLE 与 MAP 对比,yes,1,reused_duplicate,E:\machine_learning\markdown\AI-BigData-Course-Add-Figs-0\assets\downloaded\ch02\text1_loose\ch02_s088_r1_bayes-theorem-diagram-probability-prior-post.jpg,assets/downloaded/ch02/text1_loose/ch02_s088_r1_bayes-theorem-diagram-probability-prior-post.jpg,ch02_s088_r1_bayes-theorem-diagram-probability-prior-post.jpg,.jpg,66772,,,7ba7cec7cae1d336297988bf6430058ca8db2a88f8f99a8e7607c9120ecdd0aa,https://www.bing.com/images/search?q=Bayes+theorem+diagram+probability+prior+posterior+likelihood+Bayes+theorem+probability+inference+diagram+Python%E6%A1%88%E4%BE%8B%EF%BC%9AMLE+%E4%B8%8E+MAP+%E5%AF%B9%E6%AF%94,https://tse1.mm.bing.net/th?q=Bayes+theorem+diagram+probability+prior+posterior+likelihood+Bayes+theorem+probability+inference+diagram+Python%E6%A1%88%E4%BE%8B%EF%BC%9AMLE+%E4%B8%8E+MAP+%E5%AF%B9%E6%AF%94&w=1600&h=900&c=7&rs=1&p=0,Bayes theorem diagram probability prior posterior likelihood Bayes theorem probability inference diagram Python案例：MLE 与 MAP 对比,unknown,unknown; copyright risk not checked,来源不明或版权未核验，需人工复核后再用于正式课件。,Bayes theorem diagram probability prior posterior likelihood Bayes theorem probability inference diagram,算法流程,algorithm_diagram,Python案例：MLE 与 MAP 对比的教学示意图,底部横向流程图,assets/downloaded/ch02/text1_loose/ch02_s088_r1_bayes-theorem-diagram-probability-prior-post.jpg,loose mode; duplicate by SHA256; source and copyright not verified
ch03,第3章_贝叶斯定理与概率思维_100页_Marp.md,70,如何解释 MLE 与 MAP 的差别？,yes,1,reused_duplicate,E:\machine_learning\markdown\AI-BigData-Course-Add-Figs-0\assets\downloaded\ch01\text1_loose\ch01_s015_r1_bayes-theorem-diagram-probability-prior-post.jpg,assets/downloaded/ch01/text1_loose/ch01_s015_r1_bayes-theorem-diagram-probability-prior-post.jpg,ch01_s015_r1_bayes-theorem-diagram-probability-prior-post.jpg,.jpg,69767,,,059585fe1782810380923e3127f3828ed477ea1db44329dbfde401c6ea3843d7,https://www.bing.com/images/search?q=Bayes+theorem+diagram+probability+prior+posterior+likelihood+Bayes+theorem+probability+inference+diagram+%E5%A6%82%E4%BD%95%E8%A7%A3%E9%87%8A+MLE+%E4%B8%8E+MAP+%E7%9A%84%E5%B7%AE%E5%88%AB%EF%BC%9F,https://tse1.mm.bing.net/th?q=Bayes+theorem+diagram+probability+prior+posterior+likelihood+Bayes+theorem+probability+inference+diagram+%E5%A6%82%E4%BD%95%E8%A7%A3%E9%87%8A+MLE+%E4%B8%8E+MAP+%E7%9A%84%E5%B7%AE%E5%88%AB%EF%BC%9F&w=1600&h=900&c=7&rs=1&p=0,Bayes theorem diagram probability prior posterior likelihood Bayes theorem probability inference diagram 如何解释 MLE 与 MAP 的差别？,unknown,unknown; copyright risk not checked,来源不明或版权未核验，需人工复核后再用于正式课件。,Bayes theorem diagram probability prior posterior likelihood Bayes theorem probability inference diagram,算法流程,algorithm_diagram,如何解释 MLE 与 MAP 的差别？的教学示意图,底部横向流程图,assets/downloaded/ch01/text1_loose/ch01_s015_r1_bayes-theorem-diagram-probability-prior-post.jpg,loose mode; duplicate by SHA256; source and copyright not verified
ch03,第3章_贝叶斯定理与概率思维_100页_Marp.md,71,3.4.6 不要把 MAP 等同完整贝叶斯,yes,1,reused_duplicate,E:\machine_learning\markdown\AI-BigData-Course-Add-Figs-0\assets\downloaded\ch02\text1_loose\ch02_s088_r1_bayes-theorem-diagram-probability-prior-post.jpg,assets/downloaded/ch02/text1_loose/ch02_s088_r1_bayes-theorem-diagram-probability-prior-post.jpg,ch02_s088_r1_bayes-theorem-diagram-probability-prior-post.jpg,.jpg,66772,,,7ba7cec7cae1d336297988bf6430058ca8db2a88f8f99a8e7607c9120ecdd0aa,https://www.bing.com/images/search?q=Bayes+theorem+diagram+probability+prior+posterior+likelihood+Bayes+theorem+probability+inference+diagram+3.4.6+%E4%B8%8D%E8%A6%81%E6%8A%8A+MAP+%E7%AD%89%E5%90%8C%E5%AE%8C%E6%95%B4%E8%B4%9D%E5%8F%B6%E6%96%AF,https://tse1.mm.bing.net/th?q=Bayes+theorem+diagram+probability+prior+posterior+likelihood+Bayes+theorem+probability+inference+diagram+3.4.6+%E4%B8%8D%E8%A6%81%E6%8A%8A+MAP+%E7%AD%89%E5%90%8C%E5%AE%8C%E6%95%B4%E8%B4%9D%E5%8F%B6%E6%96%AF&w=1600&h=900&c=7&rs=1&p=0,Bayes theorem diagram probability prior posterior likelihood Bayes theorem probability inference diagram 3.4.6 不要把 MAP 等同完整贝叶斯,unknown,unknown; copyright risk not checked,来源不明或版权未核验，需人工复核后再用于正式课件。,Bayes theorem diagram probability prior posterior likelihood Bayes theorem probability inference diagram,算法流程,algorithm_diagram,3.4.6 不要把 MAP 等同完整贝叶斯的教学示意图,底部横向流程图,assets/downloaded/ch02/text1_loose/ch02_s088_r1_bayes-theorem-diagram-probability-prior-post.jpg,loose mode; duplicate by SHA256; source and copyright not verified
ch03,第3章_贝叶斯定理与概率思维_100页_Marp.md,73,3.5 不确定性量化与概率决策,yes,1,reused_duplicate,E:\machine_learning\markdown\AI-BigData-Course-Add-Figs-0\assets\downloaded\ch01\text1_loose\ch01_s015_r1_bayes-theorem-diagram-probability-prior-post.jpg,assets/downloaded/ch01/text1_loose/ch01_s015_r1_bayes-theorem-diagram-probability-prior-post.jpg,ch01_s015_r1_bayes-theorem-diagram-probability-prior-post.jpg,.jpg,69767,,,059585fe1782810380923e3127f3828ed477ea1db44329dbfde401c6ea3843d7,https://www.bing.com/images/search?q=Bayes+theorem+diagram+probability+prior+posterior+likelihood+Bayes+theorem+probability+inference+diagram+3.5+%E4%B8%8D%E7%A1%AE%E5%AE%9A%E6%80%A7%E9%87%8F%E5%8C%96%E4%B8%8E%E6%A6%82%E7%8E%87%E5%86%B3%E7%AD%96,https://tse1.mm.bing.net/th?q=Bayes+theorem+diagram+probability+prior+posterior+likelihood+Bayes+theorem+probability+inference+diagram+3.5+%E4%B8%8D%E7%A1%AE%E5%AE%9A%E6%80%A7%E9%87%8F%E5%8C%96%E4%B8%8E%E6%A6%82%E7%8E%87%E5%86%B3%E7%AD%96&w=1600&h=900&c=7&rs=1&p=0,Bayes theorem diagram probability prior posterior likelihood Bayes theorem probability inference diagram 3.5 不确定性量化与概率决策,unknown,unknown; copyright risk not checked,来源不明或版权未核验，需人工复核后再用于正式课件。,Bayes theorem diagram probability prior posterior likelihood Bayes theorem probability inference diagram,算法流程,algorithm_diagram,3.5 不确定性量化与概率决策的教学示意图,底部横向流程图,assets/downloaded/ch01/text1_loose/ch01_s015_r1_bayes-theorem-diagram-probability-prior-post.jpg,loose mode; duplicate by SHA256; source and copyright not verified
ch03,第3章_贝叶斯定理与概率思维_100页_Marp.md,74,3.5.1 为什么必须量化不确定性？,yes,1,downloaded,E:\machine_learning\markdown\AI-BigData-Course-Add-Figs-0\assets\downloaded\ch03\text1_loose\ch03_s074_r1_bayesian-optimization-active-learning-loop-a.jpg,assets/downloaded/ch03/text1_loose/ch03_s074_r1_bayesian-optimization-active-learning-loop-a.jpg,ch03_s074_r1_bayesian-optimization-active-learning-loop-a.jpg,.jpg,85715,1600,900,4d3d2ccfcc76109435b4b994b9b397615c4125a1dce52cd4ef3afdcb18d1195a,https://www.bing.com/images/search?q=Bayesian+optimization+active+learning+loop+acquisition+function+AI+agent+workflow+Bayes+theorem+probability+inference+diagram+3.5.1+%E4%B8%BA%E4%BB%80%E4%B9%88%E5%BF%85%E9%A1%BB%E9%87%8F%E5%8C%96%E4%B8%8D%E7%A1%AE%E5%AE%9A%E6%80%A7%EF%BC%9F,https://tse1.mm.bing.net/th?q=Bayesian+optimization+active+learning+loop+acquisition+function+AI+agent+workflow+Bayes+theorem+probability+inference+diagram+3.5.1+%E4%B8%BA%E4%BB%80%E4%B9%88%E5%BF%85%E9%A1%BB%E9%87%8F%E5%8C%96%E4%B8%8D%E7%A1%AE%E5%AE%9A%E6%80%A7%EF%BC%9F&w=1600&h=900&c=7&rs=1&p=0,Bayesian optimization active learning loop acquisition function AI agent workflow Bayes theorem probability inference diagram 3.5.1 为什么必须量化不确定性？,unknown,unknown; copyright risk not checked,来源不明或版权未核验，需人工复核后再用于正式课件。,Bayesian optimization active learning loop acquisition function AI agent workflow Bayes theorem probability inference diagram,算法流程,flowchart,3.5.1 为什么必须量化不确定性？的教学示意图,底部横向流程图,,loose mode; source and copyright not verified; opened successfully
ch03,第3章_贝叶斯定理与概率思维_100页_Marp.md,75,3.5.2 两类不确定性,yes,1,reused_duplicate,E:\machine_learning\markdown\AI-BigData-Course-Add-Figs-0\assets\downloaded\ch01\text1_loose\ch01_s015_r1_bayes-theorem-diagram-probability-prior-post.jpg,assets/downloaded/ch01/text1_loose/ch01_s015_r1_bayes-theorem-diagram-probability-prior-post.jpg,ch01_s015_r1_bayes-theorem-diagram-probability-prior-post.jpg,.jpg,69767,,,059585fe1782810380923e3127f3828ed477ea1db44329dbfde401c6ea3843d7,https://www.bing.com/images/search?q=Bayes+theorem+diagram+probability+prior+posterior+likelihood+Bayes+theorem+probability+inference+diagram+3.5.2+%E4%B8%A4%E7%B1%BB%E4%B8%8D%E7%A1%AE%E5%AE%9A%E6%80%A7,https://tse1.mm.bing.net/th?q=Bayes+theorem+diagram+probability+prior+posterior+likelihood+Bayes+theorem+probability+inference+diagram+3.5.2+%E4%B8%A4%E7%B1%BB%E4%B8%8D%E7%A1%AE%E5%AE%9A%E6%80%A7&w=1600&h=900&c=7&rs=1&p=0,Bayes theorem diagram probability prior posterior likelihood Bayes theorem probability inference diagram 3.5.2 两类不确定性,unknown,unknown; copyright risk not checked,来源不明或版权未核验，需人工复核后再用于正式课件。,Bayes theorem diagram probability prior posterior likelihood Bayes theorem probability inference diagram,算法流程,algorithm_diagram,3.5.2 两类不确定性的教学示意图,底部横向流程图,assets/downloaded/ch01/text1_loose/ch01_s015_r1_bayes-theorem-diagram-probability-prior-post.jpg,loose mode; duplicate by SHA256; source and copyright not verified
ch03,第3章_贝叶斯定理与概率思维_100页_Marp.md,76,3.5.3 参数不确定性,yes,1,reused_duplicate,E:\machine_learning\markdown\AI-BigData-Course-Add-Figs-0\assets\downloaded\ch02\text1_loose\ch02_s088_r1_bayes-theorem-diagram-probability-prior-post.jpg,assets/downloaded/ch02/text1_loose/ch02_s088_r1_bayes-theorem-diagram-probability-prior-post.jpg,ch02_s088_r1_bayes-theorem-diagram-probability-prior-post.jpg,.jpg,66772,,,7ba7cec7cae1d336297988bf6430058ca8db2a88f8f99a8e7607c9120ecdd0aa,https://www.bing.com/images/search?q=Bayes+theorem+diagram+probability+prior+posterior+likelihood+Bayes+theorem+probability+inference+diagram+3.5.3+%E5%8F%82%E6%95%B0%E4%B8%8D%E7%A1%AE%E5%AE%9A%E6%80%A7,https://tse1.mm.bing.net/th?q=Bayes+theorem+diagram+probability+prior+posterior+likelihood+Bayes+theorem+probability+inference+diagram+3.5.3+%E5%8F%82%E6%95%B0%E4%B8%8D%E7%A1%AE%E5%AE%9A%E6%80%A7&w=1600&h=900&c=7&rs=1&p=0,Bayes theorem diagram probability prior posterior likelihood Bayes theorem probability inference diagram 3.5.3 参数不确定性,unknown,unknown; copyright risk not checked,来源不明或版权未核验，需人工复核后再用于正式课件。,Bayes theorem diagram probability prior posterior likelihood Bayes theorem probability inference diagram,算法流程,algorithm_diagram,3.5.3 参数不确定性的教学示意图,底部横向流程图,assets/downloaded/ch02/text1_loose/ch02_s088_r1_bayes-theorem-diagram-probability-prior-post.jpg,loose mode; duplicate by SHA256; source and copyright not verified
ch03,第3章_贝叶斯定理与概率思维_100页_Marp.md,77,3.5.4 预测不确定性,yes,1,reused_duplicate,E:\machine_learning\markdown\AI-BigData-Course-Add-Figs-0\assets\downloaded\ch03\text1_loose\ch03_s074_r1_bayesian-optimization-active-learning-loop-a.jpg,assets/downloaded/ch03/text1_loose/ch03_s074_r1_bayesian-optimization-active-learning-loop-a.jpg,ch03_s074_r1_bayesian-optimization-active-learning-loop-a.jpg,.jpg,85715,,,4d3d2ccfcc76109435b4b994b9b397615c4125a1dce52cd4ef3afdcb18d1195a,https://www.bing.com/images/search?q=Bayesian+optimization+active+learning+loop+acquisition+function+AI+agent+workflow+Bayes+theorem+probability+inference+diagram+3.5.4+%E9%A2%84%E6%B5%8B%E4%B8%8D%E7%A1%AE%E5%AE%9A%E6%80%A7,https://tse1.mm.bing.net/th?q=Bayesian+optimization+active+learning+loop+acquisition+function+AI+agent+workflow+Bayes+theorem+probability+inference+diagram+3.5.4+%E9%A2%84%E6%B5%8B%E4%B8%8D%E7%A1%AE%E5%AE%9A%E6%80%A7&w=1600&h=900&c=7&rs=1&p=0,Bayesian optimization active learning loop acquisition function AI agent workflow Bayes theorem probability inference diagram 3.5.4 预测不确定性,unknown,unknown; copyright risk not checked,来源不明或版权未核验，需人工复核后再用于正式课件。,Bayesian optimization active learning loop acquisition function AI agent workflow Bayes theorem probability inference diagram,算法流程,flowchart,3.5.4 预测不确定性的教学示意图,底部横向流程图,assets/downloaded/ch03/text1_loose/ch03_s074_r1_bayesian-optimization-active-learning-loop-a.jpg,loose mode; duplicate by SHA256; source and copyright not verified
ch03,第3章_贝叶斯定理与概率思维_100页_Marp.md,78,3.5.5 置信区间与可信区间,yes,1,reused_duplicate,E:\machine_learning\markdown\AI-BigData-Course-Add-Figs-0\assets\downloaded\ch01\text1_loose\ch01_s015_r1_bayes-theorem-diagram-probability-prior-post.jpg,assets/downloaded/ch01/text1_loose/ch01_s015_r1_bayes-theorem-diagram-probability-prior-post.jpg,ch01_s015_r1_bayes-theorem-diagram-probability-prior-post.jpg,.jpg,69767,,,059585fe1782810380923e3127f3828ed477ea1db44329dbfde401c6ea3843d7,https://www.bing.com/images/search?q=Bayes+theorem+diagram+probability+prior+posterior+likelihood+Bayes+theorem+probability+inference+diagram+3.5.5+%E7%BD%AE%E4%BF%A1%E5%8C%BA%E9%97%B4%E4%B8%8E%E5%8F%AF%E4%BF%A1%E5%8C%BA%E9%97%B4,https://tse1.mm.bing.net/th?q=Bayes+theorem+diagram+probability+prior+posterior+likelihood+Bayes+theorem+probability+inference+diagram+3.5.5+%E7%BD%AE%E4%BF%A1%E5%8C%BA%E9%97%B4%E4%B8%8E%E5%8F%AF%E4%BF%A1%E5%8C%BA%E9%97%B4&w=1600&h=900&c=7&rs=1&p=0,Bayes theorem diagram probability prior posterior likelihood Bayes theorem probability inference diagram 3.5.5 置信区间与可信区间,unknown,unknown; copyright risk not checked,来源不明或版权未核验，需人工复核后再用于正式课件。,Bayes theorem diagram probability prior posterior likelihood Bayes theorem probability inference diagram,算法流程,algorithm_diagram,3.5.5 置信区间与可信区间的教学示意图,底部横向流程图,assets/downloaded/ch01/text1_loose/ch01_s015_r1_bayes-theorem-diagram-probability-prior-post.jpg,loose mode; duplicate by SHA256; source and copyright not verified
ch03,第3章_贝叶斯定理与概率思维_100页_Marp.md,79,可信区间定义,yes,1,reused_duplicate,E:\machine_learning\markdown\AI-BigData-Course-Add-Figs-0\assets\downloaded\ch01\text1_loose\ch01_s015_r1_bayes-theorem-diagram-probability-prior-post.jpg,assets/downloaded/ch01/text1_loose/ch01_s015_r1_bayes-theorem-diagram-probability-prior-post.jpg,ch01_s015_r1_bayes-theorem-diagram-probability-prior-post.jpg,.jpg,69767,,,059585fe1782810380923e3127f3828ed477ea1db44329dbfde401c6ea3843d7,https://www.bing.com/images/search?q=Bayes+theorem+diagram+probability+prior+posterior+likelihood+Bayes+theorem+probability+inference+diagram+%E5%8F%AF%E4%BF%A1%E5%8C%BA%E9%97%B4%E5%AE%9A%E4%B9%89,https://tse1.mm.bing.net/th?q=Bayes+theorem+diagram+probability+prior+posterior+likelihood+Bayes+theorem+probability+inference+diagram+%E5%8F%AF%E4%BF%A1%E5%8C%BA%E9%97%B4%E5%AE%9A%E4%B9%89&w=1600&h=900&c=7&rs=1&p=0,Bayes theorem diagram probability prior posterior likelihood Bayes theorem probability inference diagram 可信区间定义,unknown,unknown; copyright risk not checked,来源不明或版权未核验，需人工复核后再用于正式课件。,Bayes theorem diagram probability prior posterior likelihood Bayes theorem probability inference diagram,算法流程,algorithm_diagram,可信区间定义的教学示意图,底部横向流程图,assets/downloaded/ch01/text1_loose/ch01_s015_r1_bayes-theorem-diagram-probability-prior-post.jpg,loose mode; duplicate by SHA256; source and copyright not verified
ch03,第3章_贝叶斯定理与概率思维_100页_Marp.md,80,3.5.6 预测区间,yes,1,reused_duplicate,E:\machine_learning\markdown\AI-BigData-Course-Add-Figs-0\assets\downloaded\ch03\text1_loose\ch03_s074_r1_bayesian-optimization-active-learning-loop-a.jpg,assets/downloaded/ch03/text1_loose/ch03_s074_r1_bayesian-optimization-active-learning-loop-a.jpg,ch03_s074_r1_bayesian-optimization-active-learning-loop-a.jpg,.jpg,85715,,,4d3d2ccfcc76109435b4b994b9b397615c4125a1dce52cd4ef3afdcb18d1195a,https://www.bing.com/images/search?q=Bayesian+optimization+active+learning+loop+acquisition+function+AI+agent+workflow+Bayes+theorem+probability+inference+diagram+3.5.6+%E9%A2%84%E6%B5%8B%E5%8C%BA%E9%97%B4,https://tse1.mm.bing.net/th?q=Bayesian+optimization+active+learning+loop+acquisition+function+AI+agent+workflow+Bayes+theorem+probability+inference+diagram+3.5.6+%E9%A2%84%E6%B5%8B%E5%8C%BA%E9%97%B4&w=1600&h=900&c=7&rs=1&p=0,Bayesian optimization active learning loop acquisition function AI agent workflow Bayes theorem probability inference diagram 3.5.6 预测区间,unknown,unknown; copyright risk not checked,来源不明或版权未核验，需人工复核后再用于正式课件。,Bayesian optimization active learning loop acquisition function AI agent workflow Bayes theorem probability inference diagram,算法流程,flowchart,3.5.6 预测区间的教学示意图,底部横向流程图,assets/downloaded/ch03/text1_loose/ch03_s074_r1_bayesian-optimization-active-learning-loop-a.jpg,loose mode; duplicate by SHA256; source and copyright not verified
ch03,第3章_贝叶斯定理与概率思维_100页_Marp.md,81,3.5.7 概率决策：从预测到行动,yes,1,reused_duplicate,E:\machine_learning\markdown\AI-BigData-Course-Add-Figs-0\assets\downloaded\ch01\text1_loose\ch01_s015_r1_bayes-theorem-diagram-probability-prior-post.jpg,assets/downloaded/ch01/text1_loose/ch01_s015_r1_bayes-theorem-diagram-probability-prior-post.jpg,ch01_s015_r1_bayes-theorem-diagram-probability-prior-post.jpg,.jpg,69767,,,059585fe1782810380923e3127f3828ed477ea1db44329dbfde401c6ea3843d7,https://www.bing.com/images/search?q=Bayes+theorem+diagram+probability+prior+posterior+likelihood+Bayes+theorem+probability+inference+diagram+3.5.7+%E6%A6%82%E7%8E%87%E5%86%B3%E7%AD%96%EF%BC%9A%E4%BB%8E%E9%A2%84%E6%B5%8B%E5%88%B0%E8%A1%8C%E5%8A%A8,https://tse1.mm.bing.net/th?q=Bayes+theorem+diagram+probability+prior+posterior+likelihood+Bayes+theorem+probability+inference+diagram+3.5.7+%E6%A6%82%E7%8E%87%E5%86%B3%E7%AD%96%EF%BC%9A%E4%BB%8E%E9%A2%84%E6%B5%8B%E5%88%B0%E8%A1%8C%E5%8A%A8&w=1600&h=900&c=7&rs=1&p=0,Bayes theorem diagram probability prior posterior likelihood Bayes theorem probability inference diagram 3.5.7 概率决策：从预测到行动,unknown,unknown; copyright risk not checked,来源不明或版权未核验，需人工复核后再用于正式课件。,Bayes theorem diagram probability prior posterior likelihood Bayes theorem probability inference diagram,算法流程,algorithm_diagram,3.5.7 概率决策：从预测到行动的教学示意图,底部横向流程图,assets/downloaded/ch01/text1_loose/ch01_s015_r1_bayes-theorem-diagram-probability-prior-post.jpg,loose mode; duplicate by SHA256; source and copyright not verified
ch03,第3章_贝叶斯定理与概率思维_100页_Marp.md,82,3.5.8 损失函数与最优决策,yes,1,reused_duplicate,E:\machine_learning\markdown\AI-BigData-Course-Add-Figs-0\assets\downloaded\ch01\text1_loose\ch01_s015_r1_bayes-theorem-diagram-probability-prior-post.jpg,assets/downloaded/ch01/text1_loose/ch01_s015_r1_bayes-theorem-diagram-probability-prior-post.jpg,ch01_s015_r1_bayes-theorem-diagram-probability-prior-post.jpg,.jpg,69767,,,059585fe1782810380923e3127f3828ed477ea1db44329dbfde401c6ea3843d7,https://www.bing.com/images/search?q=Bayes+theorem+diagram+probability+prior+posterior+likelihood+Bayes+theorem+probability+inference+diagram+3.5.8+%E6%8D%9F%E5%A4%B1%E5%87%BD%E6%95%B0%E4%B8%8E%E6%9C%80%E4%BC%98%E5%86%B3%E7%AD%96,https://tse1.mm.bing.net/th?q=Bayes+theorem+diagram+probability+prior+posterior+likelihood+Bayes+theorem+probability+inference+diagram+3.5.8+%E6%8D%9F%E5%A4%B1%E5%87%BD%E6%95%B0%E4%B8%8E%E6%9C%80%E4%BC%98%E5%86%B3%E7%AD%96&w=1600&h=900&c=7&rs=1&p=0,Bayes theorem diagram probability prior posterior likelihood Bayes theorem probability inference diagram 3.5.8 损失函数与最优决策,unknown,unknown; copyright risk not checked,来源不明或版权未核验，需人工复核后再用于正式课件。,Bayes theorem diagram probability prior posterior likelihood Bayes theorem probability inference diagram,算法流程,algorithm_diagram,3.5.8 损失函数与最优决策的教学示意图,底部横向流程图,assets/downloaded/ch01/text1_loose/ch01_s015_r1_bayes-theorem-diagram-probability-prior-post.jpg,loose mode; duplicate by SHA256; source and copyright not verified
ch03,第3章_贝叶斯定理与概率思维_100页_Marp.md,83,材料决策中的非对称损失,yes,1,reused_duplicate,E:\machine_learning\markdown\AI-BigData-Course-Add-Figs-0\assets\downloaded\ch03\text1_loose\ch03_s004_r1_materials-microstructure-recognition-microsc.jpg,assets/downloaded/ch03/text1_loose/ch03_s004_r1_materials-microstructure-recognition-microsc.jpg,ch03_s004_r1_materials-microstructure-recognition-microsc.jpg,.jpg,64431,,,1d9830b0a60c8aa5c09e0807fdde079f90440b91b05dc05f5f2aca8bc26adab3,https://www.bing.com/images/search?q=Bayes+theorem+probability+inference+diagram+%E6%9D%90%E6%96%99%E5%86%B3%E7%AD%96%E4%B8%AD%E7%9A%84%E9%9D%9E%E5%AF%B9%E7%A7%B0%E6%8D%9F%E5%A4%B1+concept+diagram+open+educational+resource+%E6%9D%90%E6%96%99%E5%86%B3%E7%AD%96%E4%B8%AD%E7%9A%84%E9%9D%9E%E5%AF%B9%E7%A7%B0%E6%8D%9F%E5%A4%B1,https://tse1.mm.bing.net/th?q=Bayes+theorem+probability+inference+diagram+%E6%9D%90%E6%96%99%E5%86%B3%E7%AD%96%E4%B8%AD%E7%9A%84%E9%9D%9E%E5%AF%B9%E7%A7%B0%E6%8D%9F%E5%A4%B1+concept+diagram+open+educational+resource+%E6%9D%90%E6%96%99%E5%86%B3%E7%AD%96%E4%B8%AD%E7%9A%84%E9%9D%9E%E5%AF%B9%E7%A7%B0%E6%8D%9F%E5%A4%B1&w=1600&h=900&c=7&rs=1&p=0,Bayes theorem probability inference diagram 材料决策中的非对称损失 concept diagram open educational resource 材料决策中的非对称损失,unknown,unknown; copyright risk not checked,来源不明或版权未核验，需人工复核后再用于正式课件。,Bayes theorem probability inference diagram 材料决策中的非对称损失 concept diagram open educational resource,概念示意,schematic,材料决策中的非对称损失的教学示意图,右侧 35% 宽度,assets/downloaded/ch03/text1_loose/ch03_s004_r1_materials-microstructure-recognition-microsc.jpg,loose mode; duplicate by SHA256; source and copyright not verified
ch03,第3章_贝叶斯定理与概率思维_100页_Marp.md,84,3.5.9 校准：概率是否可信？,yes,1,reused_duplicate,E:\machine_learning\markdown\AI-BigData-Course-Add-Figs-0\assets\downloaded\ch02\text1_loose\ch02_s088_r1_bayes-theorem-diagram-probability-prior-post.jpg,assets/downloaded/ch02/text1_loose/ch02_s088_r1_bayes-theorem-diagram-probability-prior-post.jpg,ch02_s088_r1_bayes-theorem-diagram-probability-prior-post.jpg,.jpg,66772,,,7ba7cec7cae1d336297988bf6430058ca8db2a88f8f99a8e7607c9120ecdd0aa,https://www.bing.com/images/search?q=Bayes+theorem+diagram+probability+prior+posterior+likelihood+Bayes+theorem+probability+inference+diagram+3.5.9+%E6%A0%A1%E5%87%86%EF%BC%9A%E6%A6%82%E7%8E%87%E6%98%AF%E5%90%A6%E5%8F%AF%E4%BF%A1%EF%BC%9F,https://tse1.mm.bing.net/th?q=Bayes+theorem+diagram+probability+prior+posterior+likelihood+Bayes+theorem+probability+inference+diagram+3.5.9+%E6%A0%A1%E5%87%86%EF%BC%9A%E6%A6%82%E7%8E%87%E6%98%AF%E5%90%A6%E5%8F%AF%E4%BF%A1%EF%BC%9F&w=1600&h=900&c=7&rs=1&p=0,Bayes theorem diagram probability prior posterior likelihood Bayes theorem probability inference diagram 3.5.9 校准：概率是否可信？,unknown,unknown; copyright risk not checked,来源不明或版权未核验，需人工复核后再用于正式课件。,Bayes theorem diagram probability prior posterior likelihood Bayes theorem probability inference diagram,算法流程,algorithm_diagram,3.5.9 校准：概率是否可信？的教学示意图,底部横向流程图,assets/downloaded/ch02/text1_loose/ch02_s088_r1_bayes-theorem-diagram-probability-prior-post.jpg,loose mode; duplicate by SHA256; source and copyright not verified
ch03,第3章_贝叶斯定理与概率思维_100页_Marp.md,85,3.5.10 外推风险,yes,1,reused_duplicate,E:\machine_learning\markdown\AI-BigData-Course-Add-Figs-0\assets\downloaded\ch03\text1_loose\ch03_s074_r1_bayesian-optimization-active-learning-loop-a.jpg,assets/downloaded/ch03/text1_loose/ch03_s074_r1_bayesian-optimization-active-learning-loop-a.jpg,ch03_s074_r1_bayesian-optimization-active-learning-loop-a.jpg,.jpg,85715,,,4d3d2ccfcc76109435b4b994b9b397615c4125a1dce52cd4ef3afdcb18d1195a,https://www.bing.com/images/search?q=Bayesian+optimization+active+learning+loop+acquisition+function+AI+agent+workflow+Bayes+theorem+probability+inference+diagram+3.5.10+%E5%A4%96%E6%8E%A8%E9%A3%8E%E9%99%A9,https://tse1.mm.bing.net/th?q=Bayesian+optimization+active+learning+loop+acquisition+function+AI+agent+workflow+Bayes+theorem+probability+inference+diagram+3.5.10+%E5%A4%96%E6%8E%A8%E9%A3%8E%E9%99%A9&w=1600&h=900&c=7&rs=1&p=0,Bayesian optimization active learning loop acquisition function AI agent workflow Bayes theorem probability inference diagram 3.5.10 外推风险,unknown,unknown; copyright risk not checked,来源不明或版权未核验，需人工复核后再用于正式课件。,Bayesian optimization active learning loop acquisition function AI agent workflow Bayes theorem probability inference diagram,算法流程,flowchart,3.5.10 外推风险的教学示意图,底部横向流程图,assets/downloaded/ch03/text1_loose/ch03_s074_r1_bayesian-optimization-active-learning-loop-a.jpg,loose mode; duplicate by SHA256; source and copyright not verified
ch03,第3章_贝叶斯定理与概率思维_100页_Marp.md,86,3.5.11 探索与利用,yes,1,reused_duplicate,E:\machine_learning\markdown\AI-BigData-Course-Add-Figs-0\assets\downloaded\ch03\text1_loose\ch03_s074_r1_bayesian-optimization-active-learning-loop-a.jpg,assets/downloaded/ch03/text1_loose/ch03_s074_r1_bayesian-optimization-active-learning-loop-a.jpg,ch03_s074_r1_bayesian-optimization-active-learning-loop-a.jpg,.jpg,85715,,,4d3d2ccfcc76109435b4b994b9b397615c4125a1dce52cd4ef3afdcb18d1195a,https://www.bing.com/images/search?q=Bayesian+optimization+active+learning+loop+acquisition+function+AI+agent+workflow+Bayes+theorem+probability+inference+diagram+3.5.11+%E6%8E%A2%E7%B4%A2%E4%B8%8E%E5%88%A9%E7%94%A8,https://tse1.mm.bing.net/th?q=Bayesian+optimization+active+learning+loop+acquisition+function+AI+agent+workflow+Bayes+theorem+probability+inference+diagram+3.5.11+%E6%8E%A2%E7%B4%A2%E4%B8%8E%E5%88%A9%E7%94%A8&w=1600&h=900&c=7&rs=1&p=0,Bayesian optimization active learning loop acquisition function AI agent workflow Bayes theorem probability inference diagram 3.5.11 探索与利用,unknown,unknown; copyright risk not checked,来源不明或版权未核验，需人工复核后再用于正式课件。,Bayesian optimization active learning loop acquisition function AI agent workflow Bayes theorem probability inference diagram,算法流程,flowchart,3.5.11 探索与利用的教学示意图,底部横向流程图,assets/downloaded/ch03/text1_loose/ch03_s074_r1_bayesian-optimization-active-learning-loop-a.jpg,loose mode; duplicate by SHA256; source and copyright not verified
ch03,第3章_贝叶斯定理与概率思维_100页_Marp.md,87,3.5.12 材料实验中的概率目标,yes,1,reused_duplicate,E:\machine_learning\markdown\AI-BigData-Course-Add-Figs-0\assets\downloaded\ch03\text1_loose\ch03_s004_r1_materials-microstructure-recognition-microsc.jpg,assets/downloaded/ch03/text1_loose/ch03_s004_r1_materials-microstructure-recognition-microsc.jpg,ch03_s004_r1_materials-microstructure-recognition-microsc.jpg,.jpg,64431,,,1d9830b0a60c8aa5c09e0807fdde079f90440b91b05dc05f5f2aca8bc26adab3,https://www.bing.com/images/search?q=materials+microstructure+recognition+microscopy+image+Bayes+theorem+probability+inference+diagram+3.5.12+%E6%9D%90%E6%96%99%E5%AE%9E%E9%AA%8C%E4%B8%AD%E7%9A%84%E6%A6%82%E7%8E%87%E7%9B%AE%E6%A0%87,https://tse1.mm.bing.net/th?q=materials+microstructure+recognition+microscopy+image+Bayes+theorem+probability+inference+diagram+3.5.12+%E6%9D%90%E6%96%99%E5%AE%9E%E9%AA%8C%E4%B8%AD%E7%9A%84%E6%A6%82%E7%8E%87%E7%9B%AE%E6%A0%87&w=1600&h=900&c=7&rs=1&p=0,materials microstructure recognition microscopy image Bayes theorem probability inference diagram 3.5.12 材料实验中的概率目标,unknown,unknown; copyright risk not checked,来源不明或版权未核验，需人工复核后再用于正式课件。,materials microstructure recognition microscopy image Bayes theorem probability inference diagram,材料组织,microscopy,3.5.12 材料实验中的概率目标的教学示意图,右侧 40% 宽度,assets/downloaded/ch03/text1_loose/ch03_s004_r1_materials-microstructure-recognition-microsc.jpg,loose mode; duplicate by SHA256; source and copyright not verified
ch03,第3章_贝叶斯定理与概率思维_100页_Marp.md,88,Python案例：计算超过阈值的概率,yes,1,reused_duplicate,E:\machine_learning\markdown\AI-BigData-Course-Add-Figs-0\assets\downloaded\ch02\text1_loose\ch02_s088_r1_bayes-theorem-diagram-probability-prior-post.jpg,assets/downloaded/ch02/text1_loose/ch02_s088_r1_bayes-theorem-diagram-probability-prior-post.jpg,ch02_s088_r1_bayes-theorem-diagram-probability-prior-post.jpg,.jpg,66772,,,7ba7cec7cae1d336297988bf6430058ca8db2a88f8f99a8e7607c9120ecdd0aa,https://www.bing.com/images/search?q=Bayes+theorem+diagram+probability+prior+posterior+likelihood+Bayes+theorem+probability+inference+diagram+Python%E6%A1%88%E4%BE%8B%EF%BC%9A%E8%AE%A1%E7%AE%97%E8%B6%85%E8%BF%87%E9%98%88%E5%80%BC%E7%9A%84%E6%A6%82%E7%8E%87,https://tse1.mm.bing.net/th?q=Bayes+theorem+diagram+probability+prior+posterior+likelihood+Bayes+theorem+probability+inference+diagram+Python%E6%A1%88%E4%BE%8B%EF%BC%9A%E8%AE%A1%E7%AE%97%E8%B6%85%E8%BF%87%E9%98%88%E5%80%BC%E7%9A%84%E6%A6%82%E7%8E%87&w=1600&h=900&c=7&rs=1&p=0,Bayes theorem diagram probability prior posterior likelihood Bayes theorem probability inference diagram Python案例：计算超过阈值的概率,unknown,unknown; copyright risk not checked,来源不明或版权未核验，需人工复核后再用于正式课件。,Bayes theorem diagram probability prior posterior likelihood Bayes theorem probability inference diagram,算法流程,algorithm_diagram,Python案例：计算超过阈值的概率的教学示意图,底部横向流程图,assets/downloaded/ch02/text1_loose/ch02_s088_r1_bayes-theorem-diagram-probability-prior-post.jpg,loose mode; duplicate by SHA256; source and copyright not verified
ch03,第3章_贝叶斯定理与概率思维_100页_Marp.md,89,3.5.13 模型可靠性诊断,yes,1,reused_duplicate,E:\machine_learning\markdown\AI-BigData-Course-Add-Figs-0\assets\downloaded\ch01\text1_loose\ch01_s015_r1_bayes-theorem-diagram-probability-prior-post.jpg,assets/downloaded/ch01/text1_loose/ch01_s015_r1_bayes-theorem-diagram-probability-prior-post.jpg,ch01_s015_r1_bayes-theorem-diagram-probability-prior-post.jpg,.jpg,69767,,,059585fe1782810380923e3127f3828ed477ea1db44329dbfde401c6ea3843d7,https://www.bing.com/images/search?q=Bayes+theorem+diagram+probability+prior+posterior+likelihood+Bayes+theorem+probability+inference+diagram+3.5.13+%E6%A8%A1%E5%9E%8B%E5%8F%AF%E9%9D%A0%E6%80%A7%E8%AF%8A%E6%96%AD,https://tse1.mm.bing.net/th?q=Bayes+theorem+diagram+probability+prior+posterior+likelihood+Bayes+theorem+probability+inference+diagram+3.5.13+%E6%A8%A1%E5%9E%8B%E5%8F%AF%E9%9D%A0%E6%80%A7%E8%AF%8A%E6%96%AD&w=1600&h=900&c=7&rs=1&p=0,Bayes theorem diagram probability prior posterior likelihood Bayes theorem probability inference diagram 3.5.13 模型可靠性诊断,unknown,unknown; copyright risk not checked,来源不明或版权未核验，需人工复核后再用于正式课件。,Bayes theorem diagram probability prior posterior likelihood Bayes theorem probability inference diagram,算法流程,algorithm_diagram,3.5.13 模型可靠性诊断的教学示意图,底部横向流程图,assets/downloaded/ch01/text1_loose/ch01_s015_r1_bayes-theorem-diagram-probability-prior-post.jpg,loose mode; duplicate by SHA256; source and copyright not verified
ch03,第3章_贝叶斯定理与概率思维_100页_Marp.md,91,3.6 材料小样本问题中的贝叶斯方法,yes,1,reused_duplicate,E:\machine_learning\markdown\AI-BigData-Course-Add-Figs-0\assets\downloaded\ch01\text1_loose\ch01_s015_r1_bayes-theorem-diagram-probability-prior-post.jpg,assets/downloaded/ch01/text1_loose/ch01_s015_r1_bayes-theorem-diagram-probability-prior-post.jpg,ch01_s015_r1_bayes-theorem-diagram-probability-prior-post.jpg,.jpg,69767,,,059585fe1782810380923e3127f3828ed477ea1db44329dbfde401c6ea3843d7,https://www.bing.com/images/search?q=Bayes+theorem+diagram+probability+prior+posterior+likelihood+Bayes+theorem+probability+inference+diagram+3.6+%E6%9D%90%E6%96%99%E5%B0%8F%E6%A0%B7%E6%9C%AC%E9%97%AE%E9%A2%98%E4%B8%AD%E7%9A%84%E8%B4%9D%E5%8F%B6%E6%96%AF%E6%96%B9%E6%B3%95,https://tse1.mm.bing.net/th?q=Bayes+theorem+diagram+probability+prior+posterior+likelihood+Bayes+theorem+probability+inference+diagram+3.6+%E6%9D%90%E6%96%99%E5%B0%8F%E6%A0%B7%E6%9C%AC%E9%97%AE%E9%A2%98%E4%B8%AD%E7%9A%84%E8%B4%9D%E5%8F%B6%E6%96%AF%E6%96%B9%E6%B3%95&w=1600&h=900&c=7&rs=1&p=0,Bayes theorem diagram probability prior posterior likelihood Bayes theorem probability inference diagram 3.6 材料小样本问题中的贝叶斯方法,unknown,unknown; copyright risk not checked,来源不明或版权未核验，需人工复核后再用于正式课件。,Bayes theorem diagram probability prior posterior likelihood Bayes theorem probability inference diagram,算法流程,algorithm_diagram,3.6 材料小样本问题中的贝叶斯方法的教学示意图,底部横向流程图,assets/downloaded/ch01/text1_loose/ch01_s015_r1_bayes-theorem-diagram-probability-prior-post.jpg,loose mode; duplicate by SHA256; source and copyright not verified
ch03,第3章_贝叶斯定理与概率思维_100页_Marp.md,92,3.6.1 材料小样本的来源,yes,1,reused_duplicate,E:\machine_learning\markdown\AI-BigData-Course-Add-Figs-0\assets\downloaded\ch03\text1_loose\ch03_s004_r1_materials-microstructure-recognition-microsc.jpg,assets/downloaded/ch03/text1_loose/ch03_s004_r1_materials-microstructure-recognition-microsc.jpg,ch03_s004_r1_materials-microstructure-recognition-microsc.jpg,.jpg,64431,,,1d9830b0a60c8aa5c09e0807fdde079f90440b91b05dc05f5f2aca8bc26adab3,https://www.bing.com/images/search?q=materials+microstructure+recognition+microscopy+image+Bayes+theorem+probability+inference+diagram+3.6.1+%E6%9D%90%E6%96%99%E5%B0%8F%E6%A0%B7%E6%9C%AC%E7%9A%84%E6%9D%A5%E6%BA%90,https://tse1.mm.bing.net/th?q=materials+microstructure+recognition+microscopy+image+Bayes+theorem+probability+inference+diagram+3.6.1+%E6%9D%90%E6%96%99%E5%B0%8F%E6%A0%B7%E6%9C%AC%E7%9A%84%E6%9D%A5%E6%BA%90&w=1600&h=900&c=7&rs=1&p=0,materials microstructure recognition microscopy image Bayes theorem probability inference diagram 3.6.1 材料小样本的来源,unknown,unknown; copyright risk not checked,来源不明或版权未核验，需人工复核后再用于正式课件。,materials microstructure recognition microscopy image Bayes theorem probability inference diagram,材料组织,microscopy,3.6.1 材料小样本的来源的教学示意图,右侧 40% 宽度,assets/downloaded/ch03/text1_loose/ch03_s004_r1_materials-microstructure-recognition-microsc.jpg,loose mode; duplicate by SHA256; source and copyright not verified
ch03,第3章_贝叶斯定理与概率思维_100页_Marp.md,93,3.6.2 小样本建模的主要风险,yes,1,reused_duplicate,E:\machine_learning\markdown\AI-BigData-Course-Add-Figs-0\assets\downloaded\ch01\text1_loose\ch01_s015_r1_bayes-theorem-diagram-probability-prior-post.jpg,assets/downloaded/ch01/text1_loose/ch01_s015_r1_bayes-theorem-diagram-probability-prior-post.jpg,ch01_s015_r1_bayes-theorem-diagram-probability-prior-post.jpg,.jpg,69767,,,059585fe1782810380923e3127f3828ed477ea1db44329dbfde401c6ea3843d7,https://www.bing.com/images/search?q=Bayes+theorem+diagram+probability+prior+posterior+likelihood+Bayes+theorem+probability+inference+diagram+3.6.2+%E5%B0%8F%E6%A0%B7%E6%9C%AC%E5%BB%BA%E6%A8%A1%E7%9A%84%E4%B8%BB%E8%A6%81%E9%A3%8E%E9%99%A9,https://tse1.mm.bing.net/th?q=Bayes+theorem+diagram+probability+prior+posterior+likelihood+Bayes+theorem+probability+inference+diagram+3.6.2+%E5%B0%8F%E6%A0%B7%E6%9C%AC%E5%BB%BA%E6%A8%A1%E7%9A%84%E4%B8%BB%E8%A6%81%E9%A3%8E%E9%99%A9&w=1600&h=900&c=7&rs=1&p=0,Bayes theorem diagram probability prior posterior likelihood Bayes theorem probability inference diagram 3.6.2 小样本建模的主要风险,unknown,unknown; copyright risk not checked,来源不明或版权未核验，需人工复核后再用于正式课件。,Bayes theorem diagram probability prior posterior likelihood Bayes theorem probability inference diagram,算法流程,algorithm_diagram,3.6.2 小样本建模的主要风险的教学示意图,底部横向流程图,assets/downloaded/ch01/text1_loose/ch01_s015_r1_bayes-theorem-diagram-probability-prior-post.jpg,loose mode; duplicate by SHA256; source and copyright not verified
ch03,第3章_贝叶斯定理与概率思维_100页_Marp.md,94,3.6.3 小样本中的先验价值,yes,1,reused_duplicate,E:\machine_learning\markdown\AI-BigData-Course-Add-Figs-0\assets\downloaded\ch01\text1_loose\ch01_s015_r1_bayes-theorem-diagram-probability-prior-post.jpg,assets/downloaded/ch01/text1_loose/ch01_s015_r1_bayes-theorem-diagram-probability-prior-post.jpg,ch01_s015_r1_bayes-theorem-diagram-probability-prior-post.jpg,.jpg,69767,,,059585fe1782810380923e3127f3828ed477ea1db44329dbfde401c6ea3843d7,https://www.bing.com/images/search?q=Bayes+theorem+diagram+probability+prior+posterior+likelihood+Bayes+theorem+probability+inference+diagram+3.6.3+%E5%B0%8F%E6%A0%B7%E6%9C%AC%E4%B8%AD%E7%9A%84%E5%85%88%E9%AA%8C%E4%BB%B7%E5%80%BC,https://tse1.mm.bing.net/th?q=Bayes+theorem+diagram+probability+prior+posterior+likelihood+Bayes+theorem+probability+inference+diagram+3.6.3+%E5%B0%8F%E6%A0%B7%E6%9C%AC%E4%B8%AD%E7%9A%84%E5%85%88%E9%AA%8C%E4%BB%B7%E5%80%BC&w=1600&h=900&c=7&rs=1&p=0,Bayes theorem diagram probability prior posterior likelihood Bayes theorem probability inference diagram 3.6.3 小样本中的先验价值,unknown,unknown; copyright risk not checked,来源不明或版权未核验，需人工复核后再用于正式课件。,Bayes theorem diagram probability prior posterior likelihood Bayes theorem probability inference diagram,算法流程,algorithm_diagram,3.6.3 小样本中的先验价值的教学示意图,底部横向流程图,assets/downloaded/ch01/text1_loose/ch01_s015_r1_bayes-theorem-diagram-probability-prior-post.jpg,loose mode; duplicate by SHA256; source and copyright not verified
ch03,第3章_贝叶斯定理与概率思维_100页_Marp.md,95,3.6.4 物理约束作为先验,yes,1,reused_duplicate,E:\machine_learning\markdown\AI-BigData-Course-Add-Figs-0\assets\downloaded\ch01\text1_loose\ch01_s015_r1_bayes-theorem-diagram-probability-prior-post.jpg,assets/downloaded/ch01/text1_loose/ch01_s015_r1_bayes-theorem-diagram-probability-prior-post.jpg,ch01_s015_r1_bayes-theorem-diagram-probability-prior-post.jpg,.jpg,69767,,,059585fe1782810380923e3127f3828ed477ea1db44329dbfde401c6ea3843d7,https://www.bing.com/images/search?q=Bayes+theorem+diagram+probability+prior+posterior+likelihood+Bayes+theorem+probability+inference+diagram+3.6.4+%E7%89%A9%E7%90%86%E7%BA%A6%E6%9D%9F%E4%BD%9C%E4%B8%BA%E5%85%88%E9%AA%8C,https://tse1.mm.bing.net/th?q=Bayes+theorem+diagram+probability+prior+posterior+likelihood+Bayes+theorem+probability+inference+diagram+3.6.4+%E7%89%A9%E7%90%86%E7%BA%A6%E6%9D%9F%E4%BD%9C%E4%B8%BA%E5%85%88%E9%AA%8C&w=1600&h=900&c=7&rs=1&p=0,Bayes theorem diagram probability prior posterior likelihood Bayes theorem probability inference diagram 3.6.4 物理约束作为先验,unknown,unknown; copyright risk not checked,来源不明或版权未核验，需人工复核后再用于正式课件。,Bayes theorem diagram probability prior posterior likelihood Bayes theorem probability inference diagram,算法流程,algorithm_diagram,3.6.4 物理约束作为先验的教学示意图,底部横向流程图,assets/downloaded/ch01/text1_loose/ch01_s015_r1_bayes-theorem-diagram-probability-prior-post.jpg,loose mode; duplicate by SHA256; source and copyright not verified
ch03,第3章_贝叶斯定理与概率思维_100页_Marp.md,96,3.6.5 贝叶斯线性回归用于材料性能预测,yes,1,reused_duplicate,E:\machine_learning\markdown\AI-BigData-Course-Add-Figs-0\assets\downloaded\ch01\text1_loose\ch01_s015_r1_bayes-theorem-diagram-probability-prior-post.jpg,assets/downloaded/ch01/text1_loose/ch01_s015_r1_bayes-theorem-diagram-probability-prior-post.jpg,ch01_s015_r1_bayes-theorem-diagram-probability-prior-post.jpg,.jpg,69767,,,059585fe1782810380923e3127f3828ed477ea1db44329dbfde401c6ea3843d7,https://www.bing.com/images/search?q=Bayes+theorem+diagram+probability+prior+posterior+likelihood+Bayes+theorem+probability+inference+diagram+3.6.5+%E8%B4%9D%E5%8F%B6%E6%96%AF%E7%BA%BF%E6%80%A7%E5%9B%9E%E5%BD%92%E7%94%A8%E4%BA%8E%E6%9D%90%E6%96%99%E6%80%A7%E8%83%BD%E9%A2%84%E6%B5%8B,https://tse1.mm.bing.net/th?q=Bayes+theorem+diagram+probability+prior+posterior+likelihood+Bayes+theorem+probability+inference+diagram+3.6.5+%E8%B4%9D%E5%8F%B6%E6%96%AF%E7%BA%BF%E6%80%A7%E5%9B%9E%E5%BD%92%E7%94%A8%E4%BA%8E%E6%9D%90%E6%96%99%E6%80%A7%E8%83%BD%E9%A2%84%E6%B5%8B&w=1600&h=900&c=7&rs=1&p=0,Bayes theorem diagram probability prior posterior likelihood Bayes theorem probability inference diagram 3.6.5 贝叶斯线性回归用于材料性能预测,unknown,unknown; copyright risk not checked,来源不明或版权未核验，需人工复核后再用于正式课件。,Bayes theorem diagram probability prior posterior likelihood Bayes theorem probability inference diagram,算法流程,algorithm_diagram,3.6.5 贝叶斯线性回归用于材料性能预测的教学示意图,底部横向流程图,assets/downloaded/ch01/text1_loose/ch01_s015_r1_bayes-theorem-diagram-probability-prior-post.jpg,loose mode; duplicate by SHA256; source and copyright not verified
ch03,第3章_贝叶斯定理与概率思维_100页_Marp.md,97,贝叶斯线性回归后验公式,yes,1,reused_duplicate,E:\machine_learning\markdown\AI-BigData-Course-Add-Figs-0\assets\downloaded\ch01\text1_loose\ch01_s015_r1_bayes-theorem-diagram-probability-prior-post.jpg,assets/downloaded/ch01/text1_loose/ch01_s015_r1_bayes-theorem-diagram-probability-prior-post.jpg,ch01_s015_r1_bayes-theorem-diagram-probability-prior-post.jpg,.jpg,69767,,,059585fe1782810380923e3127f3828ed477ea1db44329dbfde401c6ea3843d7,https://www.bing.com/images/search?q=Bayes+theorem+diagram+probability+prior+posterior+likelihood+Bayes+theorem+probability+inference+diagram+%E8%B4%9D%E5%8F%B6%E6%96%AF%E7%BA%BF%E6%80%A7%E5%9B%9E%E5%BD%92%E5%90%8E%E9%AA%8C%E5%85%AC%E5%BC%8F,https://tse1.mm.bing.net/th?q=Bayes+theorem+diagram+probability+prior+posterior+likelihood+Bayes+theorem+probability+inference+diagram+%E8%B4%9D%E5%8F%B6%E6%96%AF%E7%BA%BF%E6%80%A7%E5%9B%9E%E5%BD%92%E5%90%8E%E9%AA%8C%E5%85%AC%E5%BC%8F&w=1600&h=900&c=7&rs=1&p=0,Bayes theorem diagram probability prior posterior likelihood Bayes theorem probability inference diagram 贝叶斯线性回归后验公式,unknown,unknown; copyright risk not checked,来源不明或版权未核验，需人工复核后再用于正式课件。,Bayes theorem diagram probability prior posterior likelihood Bayes theorem probability inference diagram,算法流程,algorithm_diagram,贝叶斯线性回归后验公式的教学示意图,底部横向流程图,assets/downloaded/ch01/text1_loose/ch01_s015_r1_bayes-theorem-diagram-probability-prior-post.jpg,loose mode; duplicate by SHA256; source and copyright not verified
ch03,第3章_贝叶斯定理与概率思维_100页_Marp.md,98,3.6.6 高斯过程：直接对函数建模,yes,1,reused_duplicate,E:\machine_learning\markdown\AI-BigData-Course-Add-Figs-0\assets\downloaded\ch01\text1_loose\ch01_s015_r1_bayes-theorem-diagram-probability-prior-post.jpg,assets/downloaded/ch01/text1_loose/ch01_s015_r1_bayes-theorem-diagram-probability-prior-post.jpg,ch01_s015_r1_bayes-theorem-diagram-probability-prior-post.jpg,.jpg,69767,,,059585fe1782810380923e3127f3828ed477ea1db44329dbfde401c6ea3843d7,https://www.bing.com/images/search?q=Bayes+theorem+diagram+probability+prior+posterior+likelihood+Bayes+theorem+probability+inference+diagram+3.6.6+%E9%AB%98%E6%96%AF%E8%BF%87%E7%A8%8B%EF%BC%9A%E7%9B%B4%E6%8E%A5%E5%AF%B9%E5%87%BD%E6%95%B0%E5%BB%BA%E6%A8%A1,https://tse1.mm.bing.net/th?q=Bayes+theorem+diagram+probability+prior+posterior+likelihood+Bayes+theorem+probability+inference+diagram+3.6.6+%E9%AB%98%E6%96%AF%E8%BF%87%E7%A8%8B%EF%BC%9A%E7%9B%B4%E6%8E%A5%E5%AF%B9%E5%87%BD%E6%95%B0%E5%BB%BA%E6%A8%A1&w=1600&h=900&c=7&rs=1&p=0,Bayes theorem diagram probability prior posterior likelihood Bayes theorem probability inference diagram 3.6.6 高斯过程：直接对函数建模,unknown,unknown; copyright risk not checked,来源不明或版权未核验，需人工复核后再用于正式课件。,Bayes theorem diagram probability prior posterior likelihood Bayes theorem probability inference diagram,算法流程,algorithm_diagram,3.6.6 高斯过程：直接对函数建模的教学示意图,底部横向流程图,assets/downloaded/ch01/text1_loose/ch01_s015_r1_bayes-theorem-diagram-probability-prior-post.jpg,loose mode; duplicate by SHA256; source and copyright not verified
ch03,第3章_贝叶斯定理与概率思维_100页_Marp.md,99,高斯过程在材料设计中的意义,yes,1,reused_duplicate,E:\machine_learning\markdown\AI-BigData-Course-Add-Figs-0\assets\downloaded\ch03\text1_loose\ch03_s074_r1_bayesian-optimization-active-learning-loop-a.jpg,assets/downloaded/ch03/text1_loose/ch03_s074_r1_bayesian-optimization-active-learning-loop-a.jpg,ch03_s074_r1_bayesian-optimization-active-learning-loop-a.jpg,.jpg,85715,,,4d3d2ccfcc76109435b4b994b9b397615c4125a1dce52cd4ef3afdcb18d1195a,https://www.bing.com/images/search?q=Bayesian+optimization+active+learning+loop+acquisition+function+AI+agent+workflow+Bayes+theorem+probability+inference+diagram+%E9%AB%98%E6%96%AF%E8%BF%87%E7%A8%8B%E5%9C%A8%E6%9D%90%E6%96%99%E8%AE%BE%E8%AE%A1%E4%B8%AD%E7%9A%84%E6%84%8F%E4%B9%89,https://tse1.mm.bing.net/th?q=Bayesian+optimization+active+learning+loop+acquisition+function+AI+agent+workflow+Bayes+theorem+probability+inference+diagram+%E9%AB%98%E6%96%AF%E8%BF%87%E7%A8%8B%E5%9C%A8%E6%9D%90%E6%96%99%E8%AE%BE%E8%AE%A1%E4%B8%AD%E7%9A%84%E6%84%8F%E4%B9%89&w=1600&h=900&c=7&rs=1&p=0,Bayesian optimization active learning loop acquisition function AI agent workflow Bayes theorem probability inference diagram 高斯过程在材料设计中的意义,unknown,unknown; copyright risk not checked,来源不明或版权未核验，需人工复核后再用于正式课件。,Bayesian optimization active learning loop acquisition function AI agent workflow Bayes theorem probability inference diagram,算法流程,flowchart,高斯过程在材料设计中的意义的教学示意图,底部横向流程图,assets/downloaded/ch03/text1_loose/ch03_s074_r1_bayesian-optimization-active-learning-loop-a.jpg,loose mode; duplicate by SHA256; source and copyright not verified
ch03,第3章_贝叶斯定理与概率思维_100页_Marp.md,100,3.6.7 贝叶斯优化的基本思想,yes,1,reused_duplicate,E:\machine_learning\markdown\AI-BigData-Course-Add-Figs-0\assets\downloaded\ch03\text1_loose\ch03_s074_r1_bayesian-optimization-active-learning-loop-a.jpg,assets/downloaded/ch03/text1_loose/ch03_s074_r1_bayesian-optimization-active-learning-loop-a.jpg,ch03_s074_r1_bayesian-optimization-active-learning-loop-a.jpg,.jpg,85715,,,4d3d2ccfcc76109435b4b994b9b397615c4125a1dce52cd4ef3afdcb18d1195a,https://www.bing.com/images/search?q=Bayesian+optimization+active+learning+loop+acquisition+function+AI+agent+workflow+Bayes+theorem+probability+inference+diagram+3.6.7+%E8%B4%9D%E5%8F%B6%E6%96%AF%E4%BC%98%E5%8C%96%E7%9A%84%E5%9F%BA%E6%9C%AC%E6%80%9D%E6%83%B3,https://tse1.mm.bing.net/th?q=Bayesian+optimization+active+learning+loop+acquisition+function+AI+agent+workflow+Bayes+theorem+probability+inference+diagram+3.6.7+%E8%B4%9D%E5%8F%B6%E6%96%AF%E4%BC%98%E5%8C%96%E7%9A%84%E5%9F%BA%E6%9C%AC%E6%80%9D%E6%83%B3&w=1600&h=900&c=7&rs=1&p=0,Bayesian optimization active learning loop acquisition function AI agent workflow Bayes theorem probability inference diagram 3.6.7 贝叶斯优化的基本思想,unknown,unknown; copyright risk not checked,来源不明或版权未核验，需人工复核后再用于正式课件。,Bayesian optimization active learning loop acquisition function AI agent workflow Bayes theorem probability inference diagram,算法流程,flowchart,3.6.7 贝叶斯优化的基本思想的教学示意图,底部横向流程图,assets/downloaded/ch03/text1_loose/ch03_s074_r1_bayesian-optimization-active-learning-loop-a.jpg,loose mode; duplicate by SHA256; source and copyright not verified
ch03,第3章_贝叶斯定理与概率思维_100页_Marp.md,101,采集函数：平衡探索与利用,yes,1,reused_duplicate,E:\machine_learning\markdown\AI-BigData-Course-Add-Figs-0\assets\downloaded\ch03\text1_loose\ch03_s074_r1_bayesian-optimization-active-learning-loop-a.jpg,assets/downloaded/ch03/text1_loose/ch03_s074_r1_bayesian-optimization-active-learning-loop-a.jpg,ch03_s074_r1_bayesian-optimization-active-learning-loop-a.jpg,.jpg,85715,,,4d3d2ccfcc76109435b4b994b9b397615c4125a1dce52cd4ef3afdcb18d1195a,https://www.bing.com/images/search?q=Bayesian+optimization+active+learning+loop+acquisition+function+AI+agent+workflow+Bayes+theorem+probability+inference+diagram+%E9%87%87%E9%9B%86%E5%87%BD%E6%95%B0%EF%BC%9A%E5%B9%B3%E8%A1%A1%E6%8E%A2%E7%B4%A2%E4%B8%8E%E5%88%A9%E7%94%A8,https://tse1.mm.bing.net/th?q=Bayesian+optimization+active+learning+loop+acquisition+function+AI+agent+workflow+Bayes+theorem+probability+inference+diagram+%E9%87%87%E9%9B%86%E5%87%BD%E6%95%B0%EF%BC%9A%E5%B9%B3%E8%A1%A1%E6%8E%A2%E7%B4%A2%E4%B8%8E%E5%88%A9%E7%94%A8&w=1600&h=900&c=7&rs=1&p=0,Bayesian optimization active learning loop acquisition function AI agent workflow Bayes theorem probability inference diagram 采集函数：平衡探索与利用,unknown,unknown; copyright risk not checked,来源不明或版权未核验，需人工复核后再用于正式课件。,Bayesian optimization active learning loop acquisition function AI agent workflow Bayes theorem probability inference diagram,算法流程,flowchart,采集函数：平衡探索与利用的教学示意图,底部横向流程图,assets/downloaded/ch03/text1_loose/ch03_s074_r1_bayesian-optimization-active-learning-loop-a.jpg,loose mode; duplicate by SHA256; source and copyright not verified
ch03,第3章_贝叶斯定理与概率思维_100页_Marp.md,102,3.6.8 小样本分类：组织类别预测,yes,1,downloaded,E:\machine_learning\markdown\AI-BigData-Course-Add-Figs-0\assets\downloaded\ch03\text1_loose\ch03_s102_r1_materials-microstructure-recognition-microsc.jpg,assets/downloaded/ch03/text1_loose/ch03_s102_r1_materials-microstructure-recognition-microsc.jpg,ch03_s102_r1_materials-microstructure-recognition-microsc.jpg,.jpg,59356,1598,900,be7acc07e1844746f0881671d5d2a563a5075c238c07f19edc8069a461ba6b68,https://www.bing.com/images/search?q=materials+microstructure+recognition+microscopy+image+Bayes+theorem+probability+inference+diagram+3.6.8+%E5%B0%8F%E6%A0%B7%E6%9C%AC%E5%88%86%E7%B1%BB%EF%BC%9A%E7%BB%84%E7%BB%87%E7%B1%BB%E5%88%AB%E9%A2%84%E6%B5%8B,https://tse1.mm.bing.net/th?q=materials+microstructure+recognition+microscopy+image+Bayes+theorem+probability+inference+diagram+3.6.8+%E5%B0%8F%E6%A0%B7%E6%9C%AC%E5%88%86%E7%B1%BB%EF%BC%9A%E7%BB%84%E7%BB%87%E7%B1%BB%E5%88%AB%E9%A2%84%E6%B5%8B&w=1600&h=900&c=7&rs=1&p=0,materials microstructure recognition microscopy image Bayes theorem probability inference diagram 3.6.8 小样本分类：组织类别预测,unknown,unknown; copyright risk not checked,来源不明或版权未核验，需人工复核后再用于正式课件。,materials microstructure recognition microscopy image Bayes theorem probability inference diagram,材料组织,microscopy,3.6.8 小样本分类：组织类别预测的教学示意图,右侧 40% 宽度,,loose mode; source and copyright not verified; opened successfully
ch03,第3章_贝叶斯定理与概率思维_100页_Marp.md,103,3.6.9 文献数据中的贝叶斯思路,yes,1,reused_duplicate,E:\machine_learning\markdown\AI-BigData-Course-Add-Figs-0\assets\downloaded\ch01\text1_loose\ch01_s015_r1_bayes-theorem-diagram-probability-prior-post.jpg,assets/downloaded/ch01/text1_loose/ch01_s015_r1_bayes-theorem-diagram-probability-prior-post.jpg,ch01_s015_r1_bayes-theorem-diagram-probability-prior-post.jpg,.jpg,69767,,,059585fe1782810380923e3127f3828ed477ea1db44329dbfde401c6ea3843d7,https://www.bing.com/images/search?q=Bayes+theorem+diagram+probability+prior+posterior+likelihood+Bayes+theorem+probability+inference+diagram+3.6.9+%E6%96%87%E7%8C%AE%E6%95%B0%E6%8D%AE%E4%B8%AD%E7%9A%84%E8%B4%9D%E5%8F%B6%E6%96%AF%E6%80%9D%E8%B7%AF,https://tse1.mm.bing.net/th?q=Bayes+theorem+diagram+probability+prior+posterior+likelihood+Bayes+theorem+probability+inference+diagram+3.6.9+%E6%96%87%E7%8C%AE%E6%95%B0%E6%8D%AE%E4%B8%AD%E7%9A%84%E8%B4%9D%E5%8F%B6%E6%96%AF%E6%80%9D%E8%B7%AF&w=1600&h=900&c=7&rs=1&p=0,Bayes theorem diagram probability prior posterior likelihood Bayes theorem probability inference diagram 3.6.9 文献数据中的贝叶斯思路,unknown,unknown; copyright risk not checked,来源不明或版权未核验，需人工复核后再用于正式课件。,Bayes theorem diagram probability prior posterior likelihood Bayes theorem probability inference diagram,算法流程,algorithm_diagram,3.6.9 文献数据中的贝叶斯思路的教学示意图,底部横向流程图,assets/downloaded/ch01/text1_loose/ch01_s015_r1_bayes-theorem-diagram-probability-prior-post.jpg,loose mode; duplicate by SHA256; source and copyright not verified
ch03,第3章_贝叶斯定理与概率思维_100页_Marp.md,104,3.6.10 多保真材料数据融合,yes,1,downloaded,E:\machine_learning\markdown\AI-BigData-Course-Add-Figs-0\assets\downloaded\ch03\text1_loose\ch03_s104_r1_materials-informatics-calphad-phase-diagram.jpg,assets/downloaded/ch03/text1_loose/ch03_s104_r1_materials-informatics-calphad-phase-diagram.jpg,ch03_s104_r1_materials-informatics-calphad-phase-diagram.jpg,.jpg,91033,1600,899,5eda9f5f76de6029a2206a75cea7b8dfceb08790dc0abc490a98e0dec899c844,https://www.bing.com/images/search?q=materials+informatics+CALPHAD+phase+diagram+high-throughput+materials+design+Bayes+theorem+probability+inference+diagram+3.6.10+%E5%A4%9A%E4%BF%9D%E7%9C%9F%E6%9D%90%E6%96%99%E6%95%B0%E6%8D%AE%E8%9E%8D%E5%90%88,https://tse1.mm.bing.net/th?q=materials+informatics+CALPHAD+phase+diagram+high-throughput+materials+design+Bayes+theorem+probability+inference+diagram+3.6.10+%E5%A4%9A%E4%BF%9D%E7%9C%9F%E6%9D%90%E6%96%99%E6%95%B0%E6%8D%AE%E8%9E%8D%E5%90%88&w=1600&h=900&c=7&rs=1&p=0,materials informatics CALPHAD phase diagram high-throughput materials design Bayes theorem probability inference diagram 3.6.10 多保真材料数据融合,unknown,unknown; copyright risk not checked,来源不明或版权未核验，需人工复核后再用于正式课件。,materials informatics CALPHAD phase diagram high-throughput materials design Bayes theorem probability inference diagram,模拟结果,simulation,3.6.10 多保真材料数据融合的教学示意图,右侧 40% 宽度,,loose mode; source and copyright not verified; opened successfully
ch03,第3章_贝叶斯定理与概率思维_100页_Marp.md,105,多保真融合的简化模型,yes,1,reused_duplicate,E:\machine_learning\markdown\AI-BigData-Course-Add-Figs-0\assets\downloaded\ch03\text1_loose\ch03_s027_r1_bayes-theorem-probability-inference-diagram.jpg,assets/downloaded/ch03/text1_loose/ch03_s027_r1_bayes-theorem-probability-inference-diagram.jpg,ch03_s027_r1_bayes-theorem-probability-inference-diagram.jpg,.jpg,59289,,,8f7fed79e597147ab5578ae410dd02704e55daccf548a6f7b5eaa37057c4a43e,https://www.bing.com/images/search?q=Bayes+theorem+probability+inference+diagram+%E5%A4%9A%E4%BF%9D%E7%9C%9F%E8%9E%8D%E5%90%88%E7%9A%84%E7%AE%80%E5%8C%96%E6%A8%A1%E5%9E%8B+concept+diagram+open+educational+resource+%E5%A4%9A%E4%BF%9D%E7%9C%9F%E8%9E%8D%E5%90%88%E7%9A%84%E7%AE%80%E5%8C%96%E6%A8%A1%E5%9E%8B,https://tse1.mm.bing.net/th?q=Bayes+theorem+probability+inference+diagram+%E5%A4%9A%E4%BF%9D%E7%9C%9F%E8%9E%8D%E5%90%88%E7%9A%84%E7%AE%80%E5%8C%96%E6%A8%A1%E5%9E%8B+concept+diagram+open+educational+resource+%E5%A4%9A%E4%BF%9D%E7%9C%9F%E8%9E%8D%E5%90%88%E7%9A%84%E7%AE%80%E5%8C%96%E6%A8%A1%E5%9E%8B&w=1600&h=900&c=7&rs=1&p=0,Bayes theorem probability inference diagram 多保真融合的简化模型 concept diagram open educational resource 多保真融合的简化模型,unknown,unknown; copyright risk not checked,来源不明或版权未核验，需人工复核后再用于正式课件。,Bayes theorem probability inference diagram 多保真融合的简化模型 concept diagram open educational resource,概念示意,schematic,多保真融合的简化模型的教学示意图,右侧 35% 宽度,assets/downloaded/ch03/text1_loose/ch03_s027_r1_bayes-theorem-probability-inference-diagram.jpg,loose mode; duplicate by SHA256; source and copyright not verified
ch03,第3章_贝叶斯定理与概率思维_100页_Marp.md,106,3.6.11 贝叶斯方法实践流程,yes,1,reused_duplicate,E:\machine_learning\markdown\AI-BigData-Course-Add-Figs-0\assets\downloaded\ch02\text1_loose\ch02_s088_r1_bayes-theorem-diagram-probability-prior-post.jpg,assets/downloaded/ch02/text1_loose/ch02_s088_r1_bayes-theorem-diagram-probability-prior-post.jpg,ch02_s088_r1_bayes-theorem-diagram-probability-prior-post.jpg,.jpg,66772,,,7ba7cec7cae1d336297988bf6430058ca8db2a88f8f99a8e7607c9120ecdd0aa,https://www.bing.com/images/search?q=Bayes+theorem+diagram+probability+prior+posterior+likelihood+Bayes+theorem+probability+inference+diagram+3.6.11+%E8%B4%9D%E5%8F%B6%E6%96%AF%E6%96%B9%E6%B3%95%E5%AE%9E%E8%B7%B5%E6%B5%81%E7%A8%8B,https://tse1.mm.bing.net/th?q=Bayes+theorem+diagram+probability+prior+posterior+likelihood+Bayes+theorem+probability+inference+diagram+3.6.11+%E8%B4%9D%E5%8F%B6%E6%96%AF%E6%96%B9%E6%B3%95%E5%AE%9E%E8%B7%B5%E6%B5%81%E7%A8%8B&w=1600&h=900&c=7&rs=1&p=0,Bayes theorem diagram probability prior posterior likelihood Bayes theorem probability inference diagram 3.6.11 贝叶斯方法实践流程,unknown,unknown; copyright risk not checked,来源不明或版权未核验，需人工复核后再用于正式课件。,Bayes theorem diagram probability prior posterior likelihood Bayes theorem probability inference diagram,算法流程,algorithm_diagram,3.6.11 贝叶斯方法实践流程的教学示意图,底部横向流程图,assets/downloaded/ch02/text1_loose/ch02_s088_r1_bayes-theorem-diagram-probability-prior-post.jpg,loose mode; duplicate by SHA256; source and copyright not verified
ch03,第3章_贝叶斯定理与概率思维_100页_Marp.md,107,3.6.12 适合初学者的工具路线,yes,1,reused_duplicate,E:\machine_learning\markdown\AI-BigData-Course-Add-Figs-0\assets\downloaded\ch01\text1_loose\ch01_s015_r1_bayes-theorem-diagram-probability-prior-post.jpg,assets/downloaded/ch01/text1_loose/ch01_s015_r1_bayes-theorem-diagram-probability-prior-post.jpg,ch01_s015_r1_bayes-theorem-diagram-probability-prior-post.jpg,.jpg,69767,,,059585fe1782810380923e3127f3828ed477ea1db44329dbfde401c6ea3843d7,https://www.bing.com/images/search?q=Bayes+theorem+diagram+probability+prior+posterior+likelihood+Bayes+theorem+probability+inference+diagram+3.6.12+%E9%80%82%E5%90%88%E5%88%9D%E5%AD%A6%E8%80%85%E7%9A%84%E5%B7%A5%E5%85%B7%E8%B7%AF%E7%BA%BF,https://tse1.mm.bing.net/th?q=Bayes+theorem+diagram+probability+prior+posterior+likelihood+Bayes+theorem+probability+inference+diagram+3.6.12+%E9%80%82%E5%90%88%E5%88%9D%E5%AD%A6%E8%80%85%E7%9A%84%E5%B7%A5%E5%85%B7%E8%B7%AF%E7%BA%BF&w=1600&h=900&c=7&rs=1&p=0,Bayes theorem diagram probability prior posterior likelihood Bayes theorem probability inference diagram 3.6.12 适合初学者的工具路线,unknown,unknown; copyright risk not checked,来源不明或版权未核验，需人工复核后再用于正式课件。,Bayes theorem diagram probability prior posterior likelihood Bayes theorem probability inference diagram,算法流程,algorithm_diagram,3.6.12 适合初学者的工具路线的教学示意图,底部横向流程图,assets/downloaded/ch01/text1_loose/ch01_s015_r1_bayes-theorem-diagram-probability-prior-post.jpg,loose mode; duplicate by SHA256; source and copyright not verified
ch03,第3章_贝叶斯定理与概率思维_100页_Marp.md,108,Python案例：小样本强度的贝叶斯更新,yes,1,reused_duplicate,E:\machine_learning\markdown\AI-BigData-Course-Add-Figs-0\assets\downloaded\ch02\text1_loose\ch02_s088_r1_bayes-theorem-diagram-probability-prior-post.jpg,assets/downloaded/ch02/text1_loose/ch02_s088_r1_bayes-theorem-diagram-probability-prior-post.jpg,ch02_s088_r1_bayes-theorem-diagram-probability-prior-post.jpg,.jpg,66772,,,7ba7cec7cae1d336297988bf6430058ca8db2a88f8f99a8e7607c9120ecdd0aa,https://www.bing.com/images/search?q=Bayes+theorem+diagram+probability+prior+posterior+likelihood+Bayes+theorem+probability+inference+diagram+Python%E6%A1%88%E4%BE%8B%EF%BC%9A%E5%B0%8F%E6%A0%B7%E6%9C%AC%E5%BC%BA%E5%BA%A6%E7%9A%84%E8%B4%9D%E5%8F%B6%E6%96%AF%E6%9B%B4%E6%96%B0,https://tse1.mm.bing.net/th?q=Bayes+theorem+diagram+probability+prior+posterior+likelihood+Bayes+theorem+probability+inference+diagram+Python%E6%A1%88%E4%BE%8B%EF%BC%9A%E5%B0%8F%E6%A0%B7%E6%9C%AC%E5%BC%BA%E5%BA%A6%E7%9A%84%E8%B4%9D%E5%8F%B6%E6%96%AF%E6%9B%B4%E6%96%B0&w=1600&h=900&c=7&rs=1&p=0,Bayes theorem diagram probability prior posterior likelihood Bayes theorem probability inference diagram Python案例：小样本强度的贝叶斯更新,unknown,unknown; copyright risk not checked,来源不明或版权未核验，需人工复核后再用于正式课件。,Bayes theorem diagram probability prior posterior likelihood Bayes theorem probability inference diagram,算法流程,algorithm_diagram,Python案例：小样本强度的贝叶斯更新的教学示意图,底部横向流程图,assets/downloaded/ch02/text1_loose/ch02_s088_r1_bayes-theorem-diagram-probability-prior-post.jpg,loose mode; duplicate by SHA256; source and copyright not verified
ch03,第3章_贝叶斯定理与概率思维_100页_Marp.md,109,案例解释：小样本下如何报告结论,yes,1,reused_duplicate,E:\machine_learning\markdown\AI-BigData-Course-Add-Figs-0\assets\downloaded\ch02\text1_loose\ch02_s088_r1_bayes-theorem-diagram-probability-prior-post.jpg,assets/downloaded/ch02/text1_loose/ch02_s088_r1_bayes-theorem-diagram-probability-prior-post.jpg,ch02_s088_r1_bayes-theorem-diagram-probability-prior-post.jpg,.jpg,66772,,,7ba7cec7cae1d336297988bf6430058ca8db2a88f8f99a8e7607c9120ecdd0aa,https://www.bing.com/images/search?q=Bayes+theorem+diagram+probability+prior+posterior+likelihood+Bayes+theorem+probability+inference+diagram+%E6%A1%88%E4%BE%8B%E8%A7%A3%E9%87%8A%EF%BC%9A%E5%B0%8F%E6%A0%B7%E6%9C%AC%E4%B8%8B%E5%A6%82%E4%BD%95%E6%8A%A5%E5%91%8A%E7%BB%93%E8%AE%BA,https://tse1.mm.bing.net/th?q=Bayes+theorem+diagram+probability+prior+posterior+likelihood+Bayes+theorem+probability+inference+diagram+%E6%A1%88%E4%BE%8B%E8%A7%A3%E9%87%8A%EF%BC%9A%E5%B0%8F%E6%A0%B7%E6%9C%AC%E4%B8%8B%E5%A6%82%E4%BD%95%E6%8A%A5%E5%91%8A%E7%BB%93%E8%AE%BA&w=1600&h=900&c=7&rs=1&p=0,Bayes theorem diagram probability prior posterior likelihood Bayes theorem probability inference diagram 案例解释：小样本下如何报告结论,unknown,unknown; copyright risk not checked,来源不明或版权未核验，需人工复核后再用于正式课件。,Bayes theorem diagram probability prior posterior likelihood Bayes theorem probability inference diagram,算法流程,algorithm_diagram,案例解释：小样本下如何报告结论的教学示意图,底部横向流程图,assets/downloaded/ch02/text1_loose/ch02_s088_r1_bayes-theorem-diagram-probability-prior-post.jpg,loose mode; duplicate by SHA256; source and copyright not verified
ch03,第3章_贝叶斯定理与概率思维_100页_Marp.md,110,3.6.13 小样本贝叶斯方法的局限,yes,1,reused_duplicate,E:\machine_learning\markdown\AI-BigData-Course-Add-Figs-0\assets\downloaded\ch01\text1_loose\ch01_s015_r1_bayes-theorem-diagram-probability-prior-post.jpg,assets/downloaded/ch01/text1_loose/ch01_s015_r1_bayes-theorem-diagram-probability-prior-post.jpg,ch01_s015_r1_bayes-theorem-diagram-probability-prior-post.jpg,.jpg,69767,,,059585fe1782810380923e3127f3828ed477ea1db44329dbfde401c6ea3843d7,https://www.bing.com/images/search?q=Bayes+theorem+diagram+probability+prior+posterior+likelihood+Bayes+theorem+probability+inference+diagram+3.6.13+%E5%B0%8F%E6%A0%B7%E6%9C%AC%E8%B4%9D%E5%8F%B6%E6%96%AF%E6%96%B9%E6%B3%95%E7%9A%84%E5%B1%80%E9%99%90,https://tse1.mm.bing.net/th?q=Bayes+theorem+diagram+probability+prior+posterior+likelihood+Bayes+theorem+probability+inference+diagram+3.6.13+%E5%B0%8F%E6%A0%B7%E6%9C%AC%E8%B4%9D%E5%8F%B6%E6%96%AF%E6%96%B9%E6%B3%95%E7%9A%84%E5%B1%80%E9%99%90&w=1600&h=900&c=7&rs=1&p=0,Bayes theorem diagram probability prior posterior likelihood Bayes theorem probability inference diagram 3.6.13 小样本贝叶斯方法的局限,unknown,unknown; copyright risk not checked,来源不明或版权未核验，需人工复核后再用于正式课件。,Bayes theorem diagram probability prior posterior likelihood Bayes theorem probability inference diagram,算法流程,algorithm_diagram,3.6.13 小样本贝叶斯方法的局限的教学示意图,底部横向流程图,assets/downloaded/ch01/text1_loose/ch01_s015_r1_bayes-theorem-diagram-probability-prior-post.jpg,loose mode; duplicate by SHA256; source and copyright not verified
ch03,第3章_贝叶斯定理与概率思维_100页_Marp.md,113,本章重点与难点,yes,1,reused_duplicate,E:\machine_learning\markdown\AI-BigData-Course-Add-Figs-0\assets\downloaded\ch01\text1_loose\ch01_s015_r1_bayes-theorem-diagram-probability-prior-post.jpg,assets/downloaded/ch01/text1_loose/ch01_s015_r1_bayes-theorem-diagram-probability-prior-post.jpg,ch01_s015_r1_bayes-theorem-diagram-probability-prior-post.jpg,.jpg,69767,,,059585fe1782810380923e3127f3828ed477ea1db44329dbfde401c6ea3843d7,https://www.bing.com/images/search?q=Bayes+theorem+diagram+probability+prior+posterior+likelihood+Bayes+theorem+probability+inference+diagram+%E6%9C%AC%E7%AB%A0%E9%87%8D%E7%82%B9%E4%B8%8E%E9%9A%BE%E7%82%B9,https://tse1.mm.bing.net/th?q=Bayes+theorem+diagram+probability+prior+posterior+likelihood+Bayes+theorem+probability+inference+diagram+%E6%9C%AC%E7%AB%A0%E9%87%8D%E7%82%B9%E4%B8%8E%E9%9A%BE%E7%82%B9&w=1600&h=900&c=7&rs=1&p=0,Bayes theorem diagram probability prior posterior likelihood Bayes theorem probability inference diagram 本章重点与难点,unknown,unknown; copyright risk not checked,来源不明或版权未核验，需人工复核后再用于正式课件。,Bayes theorem diagram probability prior posterior likelihood Bayes theorem probability inference diagram,算法流程,algorithm_diagram,本章重点与难点的教学示意图,底部横向流程图,assets/downloaded/ch01/text1_loose/ch01_s015_r1_bayes-theorem-diagram-probability-prior-post.jpg,loose mode; duplicate by SHA256; source and copyright not verified
ch03,第3章_贝叶斯定理与概率思维_100页_Marp.md,117,Python编程作业：材料小样本贝叶斯更新,yes,1,reused_duplicate,E:\machine_learning\markdown\AI-BigData-Course-Add-Figs-0\assets\downloaded\ch02\text1_loose\ch02_s088_r1_bayes-theorem-diagram-probability-prior-post.jpg,assets/downloaded/ch02/text1_loose/ch02_s088_r1_bayes-theorem-diagram-probability-prior-post.jpg,ch02_s088_r1_bayes-theorem-diagram-probability-prior-post.jpg,.jpg,66772,,,7ba7cec7cae1d336297988bf6430058ca8db2a88f8f99a8e7607c9120ecdd0aa,https://www.bing.com/images/search?q=Bayes+theorem+diagram+probability+prior+posterior+likelihood+Bayes+theorem+probability+inference+diagram+Python%E7%BC%96%E7%A8%8B%E4%BD%9C%E4%B8%9A%EF%BC%9A%E6%9D%90%E6%96%99%E5%B0%8F%E6%A0%B7%E6%9C%AC%E8%B4%9D%E5%8F%B6%E6%96%AF%E6%9B%B4%E6%96%B0,https://tse1.mm.bing.net/th?q=Bayes+theorem+diagram+probability+prior+posterior+likelihood+Bayes+theorem+probability+inference+diagram+Python%E7%BC%96%E7%A8%8B%E4%BD%9C%E4%B8%9A%EF%BC%9A%E6%9D%90%E6%96%99%E5%B0%8F%E6%A0%B7%E6%9C%AC%E8%B4%9D%E5%8F%B6%E6%96%AF%E6%9B%B4%E6%96%B0&w=1600&h=900&c=7&rs=1&p=0,Bayes theorem diagram probability prior posterior likelihood Bayes theorem probability inference diagram Python编程作业：材料小样本贝叶斯更新,unknown,unknown; copyright risk not checked,来源不明或版权未核验，需人工复核后再用于正式课件。,Bayes theorem diagram probability prior posterior likelihood Bayes theorem probability inference diagram,算法流程,algorithm_diagram,Python编程作业：材料小样本贝叶斯更新的教学示意图,底部横向流程图,assets/downloaded/ch02/text1_loose/ch02_s088_r1_bayes-theorem-diagram-probability-prior-post.jpg,loose mode; duplicate by SHA256; source and copyright not verified
ch03,第3章_贝叶斯定理与概率思维_100页_Marp.md,118,编程作业要求,yes,1,reused_duplicate,E:\machine_learning\markdown\AI-BigData-Course-Add-Figs-0\assets\downloaded\ch01\text1_loose\ch01_s015_r1_bayes-theorem-diagram-probability-prior-post.jpg,assets/downloaded/ch01/text1_loose/ch01_s015_r1_bayes-theorem-diagram-probability-prior-post.jpg,ch01_s015_r1_bayes-theorem-diagram-probability-prior-post.jpg,.jpg,69767,,,059585fe1782810380923e3127f3828ed477ea1db44329dbfde401c6ea3843d7,https://www.bing.com/images/search?q=Bayes+theorem+diagram+probability+prior+posterior+likelihood+Bayes+theorem+probability+inference+diagram+%E7%BC%96%E7%A8%8B%E4%BD%9C%E4%B8%9A%E8%A6%81%E6%B1%82,https://tse1.mm.bing.net/th?q=Bayes+theorem+diagram+probability+prior+posterior+likelihood+Bayes+theorem+probability+inference+diagram+%E7%BC%96%E7%A8%8B%E4%BD%9C%E4%B8%9A%E8%A6%81%E6%B1%82&w=1600&h=900&c=7&rs=1&p=0,Bayes theorem diagram probability prior posterior likelihood Bayes theorem probability inference diagram 编程作业要求,unknown,unknown; copyright risk not checked,来源不明或版权未核验，需人工复核后再用于正式课件。,Bayes theorem diagram probability prior posterior likelihood Bayes theorem probability inference diagram,算法流程,algorithm_diagram,编程作业要求的教学示意图,底部横向流程图,assets/downloaded/ch01/text1_loose/ch01_s015_r1_bayes-theorem-diagram-probability-prior-post.jpg,loose mode; duplicate by SHA256; source and copyright not verified
ch03,第3章_贝叶斯定理与概率思维_100页_Marp.md,119,作业提示：可使用的公式,yes,1,reused_duplicate,E:\machine_learning\markdown\AI-BigData-Course-Add-Figs-0\assets\downloaded\ch01\text1_loose\ch01_s015_r1_bayes-theorem-diagram-probability-prior-post.jpg,assets/downloaded/ch01/text1_loose/ch01_s015_r1_bayes-theorem-diagram-probability-prior-post.jpg,ch01_s015_r1_bayes-theorem-diagram-probability-prior-post.jpg,.jpg,69767,,,059585fe1782810380923e3127f3828ed477ea1db44329dbfde401c6ea3843d7,https://www.bing.com/images/search?q=Bayes+theorem+diagram+probability+prior+posterior+likelihood+Bayes+theorem+probability+inference+diagram+%E4%BD%9C%E4%B8%9A%E6%8F%90%E7%A4%BA%EF%BC%9A%E5%8F%AF%E4%BD%BF%E7%94%A8%E7%9A%84%E5%85%AC%E5%BC%8F,https://tse1.mm.bing.net/th?q=Bayes+theorem+diagram+probability+prior+posterior+likelihood+Bayes+theorem+probability+inference+diagram+%E4%BD%9C%E4%B8%9A%E6%8F%90%E7%A4%BA%EF%BC%9A%E5%8F%AF%E4%BD%BF%E7%94%A8%E7%9A%84%E5%85%AC%E5%BC%8F&w=1600&h=900&c=7&rs=1&p=0,Bayes theorem diagram probability prior posterior likelihood Bayes theorem probability inference diagram 作业提示：可使用的公式,unknown,unknown; copyright risk not checked,来源不明或版权未核验，需人工复核后再用于正式课件。,Bayes theorem diagram probability prior posterior likelihood Bayes theorem probability inference diagram,算法流程,algorithm_diagram,作业提示：可使用的公式的教学示意图,底部横向流程图,assets/downloaded/ch01/text1_loose/ch01_s015_r1_bayes-theorem-diagram-probability-prior-post.jpg,loose mode; duplicate by SHA256; source and copyright not verified
ch03,第3章_贝叶斯定理与概率思维_100页_Marp.md,120,作业参考代码框架,yes,1,reused_duplicate,E:\machine_learning\markdown\AI-BigData-Course-Add-Figs-0\assets\downloaded\ch02\text1_loose\ch02_s088_r1_bayes-theorem-diagram-probability-prior-post.jpg,assets/downloaded/ch02/text1_loose/ch02_s088_r1_bayes-theorem-diagram-probability-prior-post.jpg,ch02_s088_r1_bayes-theorem-diagram-probability-prior-post.jpg,.jpg,66772,,,7ba7cec7cae1d336297988bf6430058ca8db2a88f8f99a8e7607c9120ecdd0aa,https://www.bing.com/images/search?q=Bayes+theorem+diagram+probability+prior+posterior+likelihood+Bayes+theorem+probability+inference+diagram+%E4%BD%9C%E4%B8%9A%E5%8F%82%E8%80%83%E4%BB%A3%E7%A0%81%E6%A1%86%E6%9E%B6,https://tse1.mm.bing.net/th?q=Bayes+theorem+diagram+probability+prior+posterior+likelihood+Bayes+theorem+probability+inference+diagram+%E4%BD%9C%E4%B8%9A%E5%8F%82%E8%80%83%E4%BB%A3%E7%A0%81%E6%A1%86%E6%9E%B6&w=1600&h=900&c=7&rs=1&p=0,Bayes theorem diagram probability prior posterior likelihood Bayes theorem probability inference diagram 作业参考代码框架,unknown,unknown; copyright risk not checked,来源不明或版权未核验，需人工复核后再用于正式课件。,Bayes theorem diagram probability prior posterior likelihood Bayes theorem probability inference diagram,算法流程,algorithm_diagram,作业参考代码框架的教学示意图,底部横向流程图,assets/downloaded/ch02/text1_loose/ch02_s088_r1_bayes-theorem-diagram-probability-prior-post.jpg,loose mode; duplicate by SHA256; source and copyright not verified
ch03,第3章_贝叶斯定理与概率思维_100页_Marp.md,121,延伸阅读与下一章衔接,yes,1,reused_duplicate,E:\machine_learning\markdown\AI-BigData-Course-Add-Figs-0\assets\downloaded\ch03\text1_loose\ch03_s074_r1_bayesian-optimization-active-learning-loop-a.jpg,assets/downloaded/ch03/text1_loose/ch03_s074_r1_bayesian-optimization-active-learning-loop-a.jpg,ch03_s074_r1_bayesian-optimization-active-learning-loop-a.jpg,.jpg,85715,,,4d3d2ccfcc76109435b4b994b9b397615c4125a1dce52cd4ef3afdcb18d1195a,https://www.bing.com/images/search?q=Bayesian+optimization+active+learning+loop+acquisition+function+AI+agent+workflow+Bayes+theorem+probability+inference+diagram+%E5%BB%B6%E4%BC%B8%E9%98%85%E8%AF%BB%E4%B8%8E%E4%B8%8B%E4%B8%80%E7%AB%A0%E8%A1%94%E6%8E%A5,https://tse1.mm.bing.net/th?q=Bayesian+optimization+active+learning+loop+acquisition+function+AI+agent+workflow+Bayes+theorem+probability+inference+diagram+%E5%BB%B6%E4%BC%B8%E9%98%85%E8%AF%BB%E4%B8%8E%E4%B8%8B%E4%B8%80%E7%AB%A0%E8%A1%94%E6%8E%A5&w=1600&h=900&c=7&rs=1&p=0,Bayesian optimization active learning loop acquisition function AI agent workflow Bayes theorem probability inference diagram 延伸阅读与下一章衔接,unknown,unknown; copyright risk not checked,来源不明或版权未核验，需人工复核后再用于正式课件。,Bayesian optimization active learning loop acquisition function AI agent workflow Bayes theorem probability inference diagram,算法流程,flowchart,延伸阅读与下一章衔接的教学示意图,底部横向流程图,assets/downloaded/ch03/text1_loose/ch03_s074_r1_bayesian-optimization-active-learning-loop-a.jpg,loose mode; duplicate by SHA256; source and copyright not verified
ch03,第3章_贝叶斯定理与概率思维_100页_Marp.md,122,谢谢,yes,1,reused_duplicate,E:\machine_learning\markdown\AI-BigData-Course-Add-Figs-0\assets\downloaded\ch01\text1_loose\ch01_s015_r1_bayes-theorem-diagram-probability-prior-post.jpg,assets/downloaded/ch01/text1_loose/ch01_s015_r1_bayes-theorem-diagram-probability-prior-post.jpg,ch01_s015_r1_bayes-theorem-diagram-probability-prior-post.jpg,.jpg,69767,,,059585fe1782810380923e3127f3828ed477ea1db44329dbfde401c6ea3843d7,https://www.bing.com/images/search?q=Bayes+theorem+diagram+probability+prior+posterior+likelihood+Bayes+theorem+probability+inference+diagram+%E8%B0%A2%E8%B0%A2,https://tse1.mm.bing.net/th?q=Bayes+theorem+diagram+probability+prior+posterior+likelihood+Bayes+theorem+probability+inference+diagram+%E8%B0%A2%E8%B0%A2&w=1600&h=900&c=7&rs=1&p=0,Bayes theorem diagram probability prior posterior likelihood Bayes theorem probability inference diagram 谢谢,unknown,unknown; copyright risk not checked,来源不明或版权未核验，需人工复核后再用于正式课件。,Bayes theorem diagram probability prior posterior likelihood Bayes theorem probability inference diagram,算法流程,algorithm_diagram,谢谢的教学示意图,底部横向流程图,assets/downloaded/ch01/text1_loose/ch01_s015_r1_bayes-theorem-diagram-probability-prior-post.jpg,loose mode; duplicate by SHA256; source and copyright not verified
